jg16358 161 MSTRG.1014_jg16358 120.0298115 3.704455749 0.535757572 6.91442537 4.70E-12 8.81E-11 8.945622555 12.72514329 23.89465215 207.6286447 272.5356981 209.4922404 104.9866796
jg16359 142 MSTRG.1015_jg16359 69.14168995 2.460731641 0.472090695 5.212412925 1.86E-07 1.61E-06 15.90332899 23.95321091 17.92098911 130.25151 109.0142792 127.5621068 59.38640465
jg16360 127 MSTRG.1016_jg16360 32.39971366 4.730663318 1.197941061 3.948995047 7.85E-05 0.000382454 0 5.988302726 0 39.97818625 59.85097683 90.226856 30.75367383
jg16366 252 MSTRG.1025_jg16366 1315.068416 2.333313093 0.259435128 8.993820971 2.39E-19 1.07E-17 483.063618 389.9882151 320.0176627 1713.903533 2509.465957 1976.69411 1812.345813
jg16367 112 MSTRG.1027_jg16367 9.597914495 6.730824756 2.397184864 2.807803793 0.004988061 0.0145979 0 0 0 19.34428367 39.5443954 8.296722391 0
jg16396 168 MSTRG.1060_jg16396 3.485596752 5.269497113 2.03980643 2.583331945 0.009785113 0.025842607 0 0 0 6.448094557 2.137534887 4.148361195 11.66518663
jg16413 82 MSTRG.1079_jg16413 11.19129844 6.952785078 2.287321708 3.039705807 0.002368093 0.007667376 0 0 0 20.63390258 22.44411631 35.26107016 0
jg16414 339 MSTRG.1080_jg16414 19.15568547 4.17861918 2.018127032 2.070543188 0.038401506 0.080993663 0 5.239764886 0 29.66123496 22.44411631 76.74468211 0
jg16426 756 MSTRG.1093_jg16426 485.5506314 2.438580308 0.48799531 4.997138815 5.82E-07 4.56E-06 99.39580616 162.4327115 151.0483368 504.2409943 359.105861 1007.01468 1115.61603
jg24592 900 MSTRG.10005_jg24592 619.339741 2.444210379 0.419354097 5.828511987 5.59E-09 6.50E-08 172.9487027 235.7894199 116.059739 1305.094338 853.9451872 1111.7608 539.7799994
jg24623 310 MSTRG.10035_jg24623 10811.71391 -6.938389754 0.300960294 -23.05416993 1.34E-117 3.59E-114 19051.19417 32304.6476 23511.48434 257.9237823 195.5844421 208.4551501 152.7078977
jg24628 523 MSTRG.10043_jg24628 2101.10743 -4.264709485 0.438540499 -9.72477912 2.36E-22 1.50E-20 3943.031631 5850.571764 3960.538594 180.5466476 230.8537678 409.650668 132.5589389
jg24629 81 MSTRG.10044_jg24629 113.5685905 -4.482728226 0.458534863 -9.776199351 1.42E-22 9.15E-21 220.6586897 322.6198094 206.518065 16.76504585 8.550139547 12.44508359 7.423300581
jg24646 81 MSTRG.10059_jg24646 127.7677046 -2.945835732 0.695278273 -4.236916132 2.27E-05 0.000126508 95.41997392 247.7660253 419.0097931 46.42628081 20.30658142 13.48217389 51.96310407
jg24647 109 MSTRG.10060_jg24647 170.3357631 -3.561586548 1.340772068 -2.656369889 0.007898692 0.021585716 272.3445089 375.0174582 424.1300757 0 7.481372104 4.148361195 109.2285657
jg24648 126 MSTRG.10061_jg24648 481.7998493 -3.645864944 1.396700205 -2.610341813 0.009045179 0.024171771 794.1724913 1004.537782 1249.348955 0 25.65041864 7.259632092 291.6296657
jg24667 218 MSTRG.10080_jg24667 16.43544291 4.722585848 1.818327925 2.597213507 0.009398349 0.024979932 0 2.245613522 0.853380434 0 64.1260466 42.52070225 5.302357558
jg24668 224 MSTRG.10081_jg24668 5937.283772 2.111440215 0.343169425 6.152763218 7.61E-10 1.03E-08 2308.964577 2065.964441 1771.617781 13463.62143 8643.122314 5839.855473 7467.840384
jg24669 224 MSTRG.10082_jg24669 5709.990173 2.297528039 0.279065547 8.232933307 1.83E-16 6.10E-15 2109.179007 1728.373874 1453.306879 11463.4225 8358.830175 6555.447779 8301.370992
jg24670 742 MSTRG.10083_jg24670 332.4175167 5.459302035 2.297017185 2.376691855 0.017468674 0.041957003 0 38.92396772 0 18.05466476 112.2205816 626.4025405 1531.320863
jg24671 147 MSTRG.10084_jg24671 5147.570479 -2.562111563 0.225223623 -11.37585629 5.52E-30 6.54E-28 9420.734508 10483.27246 9492.150567 1617.182115 1703.615305 1272.509797 2043.528603
jg24677 225 MSTRG.10087_jg24677 14.83514336 -3.717283825 1.304609633 -2.849345682 0.004380925 0.013060517 43.73415471 15.71929466 34.98859779 0 0 6.222541793 3.181414535
jg24679 320 MSTRG.10091_jg24679 2713.630766 3.605437615 0.454624842 7.930577653 2.18E-15 6.41E-14 366.7705247 487.2981344 248.3337063 1998.909313 4376.602681 6362.548983 5154.952018
jg24680 685 MSTRG.10092_jg24680 272.1495963 2.232496195 0.67408523 3.311890093 0.000926679 0.003387387 27.83082573 133.2397357 100.6988912 769.9024901 174.2090933 315.2754508 383.8906872
jg24685 112 MSTRG.10097_jg24685 3.651428857 3.496599104 1.776519182 1.968230425 0.049041531 0.098988073 0 1.497075682 0 5.158475645 6.41260466 10.37090299 2.120943023
jg24686 270 MSTRG.10098_jg24686 29.40715012 8.347409407 1.534487111 5.439869351 5.33E-08 5.13E-07 0 0 0 32.24047278 73.74495359 86.0784948 13.78612965
jg24690 80 MSTRG.10103_jg24690 109.3505024 -6.384709456 0.865656754 -7.375567075 1.64E-13 3.83E-12 419.450302 94.31576794 239.7999019 1.289618911 2.137534887 1.037090299 7.423300581
jg24691 363 MSTRG.10104_jg24691 2637.426606 -4.311513306 0.590768143 -7.298147938 2.92E-13 6.60E-12 8353.22355 2590.689467 6356.830853 117.3553209 246.8852794 256.1613038 540.8404709
jg24708 411 MSTRG.10121_jg24708 651.075167 -2.542078356 0.41937412 -6.061600452 1.35E-09 1.75E-08 1084.408245 1325.660516 1298.845021 143.1476992 149.6274421 181.4908023 374.3464436
jg24718 172 MSTRG.10132_jg24718 739.9455134 2.315158845 0.40379613 5.733484484 9.84E-09 1.09E-07 140.1480867 336.0934905 201.3977824 1361.83757 1068.767443 740.4824734 1330.891747
jg24722 143 MSTRG.10136_jg24722 292.8734323 -2.044732338 0.387790407 -5.272776998 1.34E-07 1.19E-06 655.0183626 464.0934613 430.9571192 70.92904012 146.4211397 114.0799329 168.6149703
jg24743 106 MSTRG.10160_jg24743 12.0610187 3.636127893 1.558267248 2.333443058 0.019624904 0.046302041 4.969790308 0 0 23.2131404 17.10027909 4.148361195 34.99555988
jg24746 722 MSTRG.10164_jg24746 103.8111766 3.908553165 1.235197199 3.164315114 0.001554484 0.005303491 0 9.730991931 24.74803259 86.40446706 32.0630233 93.3381269 480.3935947
jg24757 92 MSTRG.10176_jg24757 39.39931412 6.458170736 2.025481592 3.188461826 0.001430319 0.004926543 0 2.245613522 0 0 38.47562796 15.55635448 219.5176029
jg24777 810 MSTRG.10196_jg24777 1138.729224 2.885431337 0.27526229 10.48247959 1.04E-25 8.55E-24 206.7432768 261.9882443 265.401315 1583.652023 1499.480723 1694.605548 2459.233435
jg24790 199 MSTRG.10207_jg24790 78.04639841 3.003355302 0.651678299 4.608647102 4.05E-06 2.67E-05 12.9214548 14.97075682 18.77436955 152.1750315 47.02576751 78.81886271 221.6385459
jg24801 436 MSTRG.10219_jg24801 1723.593662 2.643059116 0.689213067 3.834894091 0.000125618 0.000581316 302.1632507 833.8711547 157.0219999 834.3834356 4037.803401 2329.304811 3570.607579
jg24802 107 MSTRG.10220_jg24802 193.8071956 5.337408528 1.054062956 5.063652505 4.11E-07 3.31E-06 0.993958062 21.70759738 1.706760868 63.19132666 549.3464659 250.9758523 468.7284081
jg24818 302 MSTRG.10237_jg24818 6785.219597 -2.323839908 0.288858203 -8.044915742 8.63E-16 2.67E-14 14632.05663 11814.92128 11061.51719 1906.056751 2949.798144 3173.496314 1958.690882
jg24830 103 MSTRG.10252_jg24830 4.222731846 5.547523508 2.181550092 2.542927402 0.010992807 0.028497153 0 0 0 5.158475645 4.275069773 1.037090299 19.08848721
jg24831 1309 MSTRG.10256_jg24831 1186.138725 5.796442673 0.418299869 13.85714676 1.15E-43 2.93E-41 40.75228053 44.16373261 25.60141302 1450.821275 1358.403421 2339.675714 3043.553238
jg24838 795 MSTRG.10260_jg24838 239.2555911 3.225224101 0.61918535 5.208818493 1.90E-07 1.64E-06 52.67977727 54.64326238 17.06760868 143.1476992 454.2261634 344.3139792 608.7106476
jg24839 510 MSTRG.10261_jg24839 227.9982402 2.615349937 0.525962089 4.97250656 6.61E-07 5.13E-06 58.64352564 79.34501113 35.84197823 539.0607049 440.3321867 163.8602672 278.9040075
jg24842 89 MSTRG.10264_jg24842 41.44538756 -2.594593833 0.941202805 -2.756678816 0.005839168 0.016686888 28.82478379 150.456106 58.02986951 28.37161605 11.75644188 2.074180598 10.60471512
jg24843 324 MSTRG.10265_jg24843 179.4782257 -2.1445139 0.313881309 -6.832244673 8.36E-12 1.52E-10 342.9155313 309.8946661 313.1906193 46.42628081 90.84523269 77.78177241 75.29347732
jg24848 672 MSTRG.10270_jg24848 267.0731452 3.824080472 1.086929009 3.518243088 0.000434414 0.001743087 33.7945741 32.935665 27.30817389 9.027332379 451.0198611 1156.355683 159.0707267
jg24856 911 MSTRG.10280_jg24856 308.8185876 3.706990496 0.705333825 5.255653939 1.47E-07 1.30E-06 39.75832247 42.66665693 34.98859779 122.5137966 431.7820471 326.6834441 1163.337248
jg24857 208 MSTRG.10278_jg24857 403.5853502 2.527486433 0.301077277 8.394809661 4.67E-17 1.66E-15 122.2568416 89.8245409 113.4995977 646.0990746 544.0026287 482.246989 827.167779
jg24862 230 MSTRG.10284_jg24862 79.89542086 2.378622918 0.641221159 3.709520317 0.000207652 0.000907158 16.89728705 13.47368113 40.1088804 165.0712207 47.02576751 145.1926418 131.4984674
jg24863 195 MSTRG.10285_jg24863 106.0923043 2.95063576 0.731567783 4.033304676 5.50E-05 0.000277404 27.83082573 8.98245409 29.01493476 343.0386304 70.53865126 177.3424411 85.89819244
jg24886 79 MSTRG.10309_jg24886 118.4086705 -7.132426294 0.814573243 -8.756028204 2.02E-18 8.17E-17 309.1209572 306.1519769 205.6646846 2.579237823 5.343837217 0 0
jg24887 134 MSTRG.10310_jg24887 32.24608471 3.450675063 1.574231954 2.191973715 0.028381405 0.063133447 0 6.736840567 7.680423906 0 79.08879081 62.22541793 69.99111976
jg24892 1014 MSTRG.10316_jg24892 208.2212546 3.451348194 0.637669035 5.412444399 6.22E-08 5.90E-07 29.81874185 45.66080829 17.92098911 131.541129 387.9625819 212.6035113 632.0410209
jg24899 165 MSTRG.10322_jg24899 61.6782476 -2.292140963 0.58361109 -3.927514405 8.58E-05 0.000413758 153.0695415 72.60817056 113.4995977 32.24047278 33.13179074 16.59344478 10.60471512
jg24901 187 MSTRG.10323_jg24901 87.46733509 -7.228305208 1.032242614 -7.002525481 2.51E-12 4.92E-11 224.6345219 230.549655 151.9017172 0 0 5.185451494 0
jg24933 1158 MSTRG.10356_jg24933 41.30146548 5.758664318 1.259622928 4.571736659 4.84E-06 3.13E-05 0 3.742689204 0 23.2131404 48.09453495 53.92869554 160.1311982
jg24980 408 MSTRG.10399_jg24980 122.7988401 -2.129965482 0.511855674 -4.161261838 3.16E-05 0.000170126 163.0091221 295.6724471 200.544402 25.79237823 34.20055819 76.74468211 63.62829069
jg24990 130 MSTRG.10412_jg24990 3.445211156 5.254300031 1.898004087 2.768329145 0.005634452 0.016170713 0 0 0 5.158475645 4.275069773 7.259632092 7.423300581
jg25015 95 MSTRG.10437_jg25015 176.7822158 2.812258289 0.498262985 5.644124436 1.66E-08 1.77E-07 29.81874185 31.43858931 58.02986951 388.1752923 369.7935354 203.2696986 156.9497837
jg2839 208 MSTRG.10456_jg2839 1094.777777 -2.75974833 0.642176527 -4.297491752 1.73E-05 9.89E-05 2469.985783 1554.713095 2377.517889 711.8696391 286.4296748 144.1555515 118.7728093
jg2841 988 MSTRG.10458_jg2841 282.4980361 2.288183401 0.860783937 2.658255228 0.007854638 0.02148205 91.44414167 107.7894491 64.00353255 87.69408597 218.0285584 178.3795314 1230.146953
jg2845 329 MSTRG.10463_jg2845 6.888863858 6.254582572 2.527647018 2.474468361 0.013343464 0.033534213 0 0 0 0 3.20630233 25.92725747 19.08848721
jg2848 169 MSTRG.10465_jg2848 57.50048256 2.474529461 0.578097891 4.280467894 1.87E-05 0.000105898 26.83686766 11.97660545 9.387184774 104.4591318 100.4641397 100.597759 48.78168953
jg2858 150 MSTRG.10477_jg2858 57.87047114 4.243664593 0.741472065 5.723296663 1.04E-08 1.15E-07 0 8.233916249 6.827043472 82.53561033 96.1890699 81.93013361 129.3775244
jg2859 346 MSTRG.10479_jg2859 2130.646918 2.519243556 0.353858523 7.119352486 1.08E-12 2.24E-11 493.9971566 556.1636157 675.0239233 5083.677749 3229.815214 2595.837018 2280.01375
jg2861 480 MSTRG.10481_jg2861 267.5681921 2.390108273 0.804830112 2.969705328 0.002980855 0.009363963 62.61935788 52.39764886 119.4732608 68.3498023 362.3121633 237.4936784 970.3314331
jg2875 433 MSTRG.10492_jg2875 133.7346315 -3.617487899 1.703342576 -2.12375828 0.033690361 0.072751078 271.3505508 166.9239385 406.2090866 2.579237823 0 0 89.07960697
jg2877 335 MSTRG.10495_jg2877 67.95688233 -2.854703051 1.153651214 -2.474494039 0.013342505 0.033534213 151.0816254 211.0876711 39.25549996 43.84704299 0 14.51926418 15.90707267
jg2878 441 MSTRG.10496_jg2878 538.404533 -5.513357208 0.594845273 -9.268556815 1.89E-20 9.61E-19 1180.822177 1068.163499 1413.197999 15.47542694 23.51288375 9.33381269 58.32593313
jg2879 357 MSTRG.10497_jg2879 2704.905939 -3.51755926 0.360292567 -9.763063626 1.62E-22 1.03E-20 5326.621252 6246.548282 5386.537299 530.0333726 247.9540469 592.1785606 604.4687616
jg2882 727 MSTRG.10500_jg2882 443.9177507 4.321439862 0.44795159 9.647113559 5.06E-22 3.09E-20 18.88520317 49.40349749 43.52240213 432.0223353 837.9136756 833.8206003 891.8565412
jg2896 577 MSTRG.10514_jg2896 31.55112753 8.449500392 1.52886905 5.526634471 3.26E-08 3.27E-07 0 0 0 20.63390258 25.65041864 112.0057523 62.56781918
jg2898 108 MSTRG.10517_jg2898 9.984722244 6.789545455 2.309297676 2.940091061 0.003281158 0.01017314 0 0 0 0 23.51288375 12.44508359 33.93508837
jg2899 603 MSTRG.10518_jg2899 2251.71899 2.280672671 0.319049706 7.148330264 8.78E-13 1.84E-11 587.4292144 793.4501113 726.2267493 4317.644115 3940.545564 3292.761699 2103.975479
jg2901 379 MSTRG.10521_jg2901 342.9377198 3.234358581 0.430178272 7.518647015 5.53E-14 1.37E-12 41.74623859 71.11109488 64.00353255 399.7818625 342.0055819 733.2228413 748.6928871
jg2902 175 MSTRG.10522_jg2902 34.59037985 2.19563332 1.039934491 2.111318874 0.034744913 0.074651638 0 20.2105217 13.65408694 39.97818625 54.50713961 33.18688956 80.59583488
jg2903 255 MSTRG.10523_jg2903 101.2699801 3.749834889 1.025227491 3.657563732 0.000254624 0.001086798 0 14.22221898 23.04127172 241.1587364 136.8022327 50.81742464 242.8479761
jg2906 412 MSTRG.10526_jg2906 3094.549721 4.153844257 0.773845726 5.367793755 7.97E-08 7.42E-07 215.6888994 351.0642473 308.9237171 5764.596534 12134.78555 1967.360297 919.4288005
jg2927 465 MSTRG.10546_jg2927 273.071325 -3.519115314 0.639543805 -5.502539917 3.74E-08 3.71E-07 388.6376021 1090.619634 232.9728585 52.87437537 72.67618615 22.81598657 50.90263255
jg2931 158 MSTRG.10550_jg2931 119.7307205 4.63401944 0.951672328 4.869343475 1.12E-06 8.30E-06 5.96374837 7.485378408 11.09394564 99.30065617 41.68193029 82.96722391 589.6221604
jg2933 372 MSTRG.10552_jg2933 67.59559834 -4.476108625 0.521522022 -8.582779699 9.26E-18 3.56E-16 180.9003672 104.0467599 161.288902 9.027332379 5.343837217 7.259632092 5.302357558
jg2938 613 MSTRG.10558_jg2938 1340.263131 2.591710725 0.527382554 4.914289833 8.91E-07 6.74E-06 354.843028 355.5554744 327.6980866 2214.275671 745.9996755 1576.377254 3807.092726
jg2953 411 MSTRG.10574_jg2953 99.28899358 -2.397372874 0.42516762 -5.638653464 1.71E-08 1.82E-07 166.9849544 242.5262604 145.0746738 33.5300917 37.40686052 21.77889628 47.72121802
jg2960 293 MSTRG.10583_jg2960 36.45298451 -2.638499442 1.017038943 -2.59429539 0.009478501 0.025168054 34.78853216 89.07600306 86.19142383 16.76504585 11.75644188 16.59344478 0
jg2961 137 MSTRG.10584_jg2961 595.7036557 -12.73357019 1.448111003 -8.793227976 1.45E-18 5.95E-17 429.3898826 3429.051849 311.4838584 0 0 0 0
jg2967 153 MSTRG.10589_jg2967 43.19160141 -8.221647749 1.221685867 -6.729755965 1.70E-11 2.95E-10 69.57706432 88.32746522 143.3679129 0 1.068767443 0 0
jg2969 134 MSTRG.10592_jg2969 53.60287302 -9.259665307 1.302727608 -7.107905942 1.18E-12 2.42E-11 62.61935788 107.7894491 204.8113042 0 0 0 0
jg2971 182 MSTRG.10594_jg2971 76.45874873 -9.772008975 1.257659719 -7.7699944 7.85E-15 2.17E-13 89.45622555 162.4327115 283.3223041 0 0 0 0
jg2974 103 MSTRG.10597_jg2974 26.2040118 -7.497894223 1.374976819 -5.453105914 4.95E-08 4.80E-07 25.8429096 58.38595158 98.13874991 0 0 0 1.060471512
jg2975 83 MSTRG.10598_jg2975 23.12308215 -6.586667957 1.251888208 -5.261386691 1.43E-07 1.26E-06 38.7643644 44.16373261 76.80423906 0 1.068767443 0 1.060471512
jg2977 153 MSTRG.10600_jg2977 80.3046904 -9.11868797 1.207124647 -7.554056655 4.22E-14 1.06E-12 109.3353868 162.4327115 289.2959671 0 1.068767443 0 0
jg2979 283 MSTRG.10602_jg2979 12.98629816 -4.408895894 1.663334404 -2.650637108 0.008034011 0.021877401 19.87916123 48.65495965 17.06760868 0 0 0 5.302357558
jg2987 582 MSTRG.10611_jg2987 1237.711601 4.046526495 1.282605078 3.15492786 0.001605378 0.005453825 121.2628835 148.2104925 106.6725542 1717.77239 6395.504381 159.711906 14.84660116
jg2990 84 MSTRG.10614_jg2990 27.31622549 -8.287975701 1.435579376 -5.773261888 7.78E-09 8.80E-08 25.8429096 98.80699499 66.56367385 0 0 0 0
jg2991 444 MSTRG.10615_jg2991 5200.262945 3.69414031 0.353032154 10.46403356 1.26E-25 1.03E-23 583.4533822 913.9647036 495.8140321 10153.16969 7175.704615 11063.67931 6016.054885
jg2992 219 MSTRG.10616_jg2992 97.30805525 4.270324078 0.754785006 5.657669462 1.53E-08 1.64E-07 4.969790308 13.47368113 6.827043472 81.24599141 101.5329071 370.2412367 102.8657366
jg2993 118 MSTRG.10617_jg2993 161.4998574 2.530918019 0.305371965 8.287984195 1.15E-16 3.92E-15 49.69790308 41.16958124 39.25549996 257.9237823 188.10307 294.5336449 259.8155203
jg3003 322 MSTRG.10628_jg3003 821.8748172 -2.779855897 0.78810938 -3.527246302 0.000419906 0.001691307 1803.039924 1528.514271 1485.735336 557.1153697 123.9770234 225.0485948 29.69320232
jg3009 107 MSTRG.10633_jg3009 42.22456321 -3.105287492 0.712951459 -4.355538447 1.33E-05 7.80E-05 92.43809973 53.1461867 110.086076 16.76504585 2.137534887 9.33381269 11.66518663
jg3014 389 MSTRG.10639_jg3014 7.164685392 6.310469848 1.901234517 3.31914332 0.000902941 0.003312091 0 0 0 7.737713468 8.550139547 3.111270897 30.75367383
jg3043 570 MSTRG.10668_jg3043 1334.159824 4.403978176 0.734123033 5.99896472 1.99E-09 2.51E-08 148.0997512 72.60817056 98.99213034 5381.579717 1739.953398 1427.036251 470.8493511
jg3046 141 MSTRG.10671_jg3046 145.1006877 -3.039468289 0.587621142 -5.17249648 2.31E-07 1.95E-06 269.3626347 306.1519769 297.8297715 67.06018339 30.99425586 10.37090299 33.93508837
jg3047 376 MSTRG.10672_jg3047 933.7663645 -3.529084919 0.620072041 -5.691411134 1.26E-08 1.37E-07 2059.481104 1857.870921 1941.440487 370.1206276 166.7277212 61.18832763 79.53536337
jg3051 81 MSTRG.10674_jg3051 19.64164749 7.763663583 2.180028921 3.561266325 0.00036907 0.001508679 0 0 0 55.45361319 49.16330239 0 32.87461686
jg3052 250 MSTRG.10673_jg3052 401.3514434 5.17968598 0.723675223 7.157473149 8.22E-13 1.74E-11 31.80665797 20.2105217 5.120282604 1130.995785 927.6901408 231.2711366 462.365579
jg3053 135 MSTRG.10675_jg3053 6.015494141 6.05693687 1.734967464 3.491095363 0.000481045 0.001905083 0 0 0 10.31695129 18.16904654 7.259632092 6.362829069
jg3055 454 MSTRG.10681_jg3055 2772.064128 -2.597203987 0.373144973 -6.960308125 3.40E-12 6.49E-11 4372.421513 6873.822992 4653.483506 1386.34033 793.025443 668.9232428 656.4318656
jg3056 148 MSTRG.10683_jg3056 12.1308381 3.9520921 1.334840624 2.960722074 0.003069188 0.009600598 0 3.742689204 0 10.31695129 32.0630233 19.70471568 19.08848721
jg3057 206 MSTRG.10684_jg3057 9.665065901 6.740776385 1.483011071 4.545331128 5.48E-06 3.51E-05 0 0 0 18.05466476 17.10027909 16.59344478 15.90707267
jg3072 157 MSTRG.10699_jg3072 51.54201315 2.743965049 1.108107674 2.476262112 0.013276607 0.033403029 0 22.45613522 13.65408694 134.1203668 112.2205816 52.89160524 25.45131628
jg3092 290 MSTRG.10717_jg3092 4017.446232 2.187567745 0.384298629 5.692364172 1.25E-08 1.36E-07 1735.450776 702.1284947 1538.644922 5097.863557 4794.490751 7443.197075 6810.348047
jg3097 398 MSTRG.10720_jg3097 849.8802723 -8.168403424 0.816776833 -10.00077756 1.51E-23 1.04E-21 2023.698614 820.3974735 3077.289845 12.89618911 4.275069773 0 10.60471512
jg3112 645 MSTRG.10739_jg3112 367.5488762 2.604957295 0.533401412 4.883671544 1.04E-06 7.77E-06 97.40789004 48.65495965 136.5408694 424.2846218 424.300675 402.391036 1039.262081
jg3126 711 MSTRG.10753_jg3126 3477.476905 2.350661973 0.470745434 4.993488636 5.93E-07 4.64E-06 1573.435612 489.5437479 1058.191738 3648.3319 4252.625657 7824.846305 5495.363373
jg3128 124 MSTRG.10754_jg3128 9.344388521 -2.163821473 1.08162557 -2.000527293 0.045443356 0.09304813 24.84895154 11.22806761 14.50746738 0 6.41260466 3.111270897 5.302357558
jg3129 106 MSTRG.10755_jg3129 8.226886072 -2.732344827 1.177520942 -2.32042143 0.020318091 0.04766703 24.84895154 10.47952977 12.80070651 0 1.068767443 4.148361195 4.241886046
jg3137 414 MSTRG.10764_jg3137 979.2683487 -7.169537241 0.3099344 -23.13243458 2.18E-118 6.45E-115 2247.339177 2579.461399 1965.335139 14.18580802 19.23781398 16.59344478 12.72565814
jg3143 256 MSTRG.10769_jg3143 119.5317693 23.29058198 3.678473196 6.331589423 2.43E-10 3.57E-09 0 0 0 404.9403382 431.7820471 0 0
jg3147 196 MSTRG.10773_jg3147 2553.756644 -2.158947602 0.38481779 -5.610311316 2.02E-08 2.12E-07 5858.388815 4194.057522 3713.058268 1608.154782 723.5555592 722.8519383 1056.229625
jg3148 86 MSTRG.10774_jg3148 167.0257523 -2.537649532 0.413922485 -6.130736127 8.75E-10 1.17E-08 446.2871697 272.4677741 232.119478 58.03285101 35.26932563 52.89160524 72.11206278
jg3155 95 MSTRG.10782_jg3155 19.83912364 2.545621523 0.946556017 2.689351161 0.007159106 0.019866823 4.969790308 1.497075682 9.387184774 55.45361319 33.13179074 24.89016717 9.544243604
jg3162 631 MSTRG.10789_jg3162 6.359517276 6.137132919 2.4980926 2.456727552 0.014020897 0.034917322 0 0 0 11.6065702 25.65041864 7.259632092 0
jg3174 527 MSTRG.10801_jg3174 7431.452829 16.32791165 1.265113409 12.90628297 4.15E-38 8.33E-36 0 0 0 7267.002565 10834.09557 20278.22661 13640.84505
jg3182 521 MSTRG.10807_jg3182 3277.516892 2.007287369 0.551515545 3.639584391 0.000273078 0.001156208 1043.655965 1537.496725 1025.763282 6858.193371 6427.567404 4752.98484 1296.956659
jg3189 1368 MSTRG.10813_jg3189 166.1876536 4.604724195 1.039327827 4.430482927 9.40E-06 5.70E-05 0 14.97075682 19.62774998 588.0662236 121.8394885 97.48648809 321.322868
jg3190 377 MSTRG.10814_jg3190 21.97960709 6.147064238 1.653980947 3.716526633 0.00020198 0.000886444 0 1.497075682 0 81.24599141 17.10027909 3.111270897 50.90263255
jg3194 178 MSTRG.10818_jg3194 67.48564285 9.544083862 1.637385811 5.828854629 5.58E-09 6.49E-08 0 0 0 268.2407336 154.9712793 29.03852837 20.14895872
jg3197 118 MSTRG.10821_jg3197 48.11885723 -5.652957233 0.773197124 -7.31114622 2.65E-13 6.04E-12 131.2024641 84.58477601 112.6462173 0 1.068767443 4.148361195 3.181414535
jg3222 142 MSTRG.10845_jg3222 166.881394 3.140785987 0.416931159 7.533104493 4.95E-14 1.23E-12 25.8429096 32.18712715 33.28183693 408.8091949 226.578698 174.2311702 267.2388209
jg3223 394 MSTRG.10846_jg3223 248.1437079 3.038853318 0.471323255 6.447492847 1.14E-10 1.76E-09 53.67373533 59.13448942 32.42845649 337.8801548 239.4039073 346.3881598 668.0970523
jg3233 276 MSTRG.10854_jg3233 15.62303738 7.434759971 2.449602991 3.035087726 0.002404657 0.007769621 0 0 0 0 83.36386058 22.81598657 3.181414535
jg3242 548 MSTRG.10867_jg3242 27.97804417 5.898520064 1.244134312 4.741063731 2.13E-06 1.49E-05 0 2.245613522 0 15.47542694 42.75069773 63.26250823 72.11206278
jg3245 225 MSTRG.10870_jg3245 69.03484387 2.132524661 1.051298005 2.028468285 0.042512477 0.088208984 0 39.67250556 30.72169562 83.82522924 75.88248848 107.8573911 145.2845971
jg3246 338 MSTRG.10871_jg3246 477.6314399 -3.05222281 0.724045352 -4.215513299 2.49E-05 0.000137704 602.3385854 1531.508422 745.8544993 285.0057794 82.29509314 50.81742464 45.600275
jg3249 396 MSTRG.10873_jg3249 132.4567288 -3.192905237 0.957289297 -3.335360842 0.000851888 0.00314278 139.1541286 319.625658 349.8859779 88.98370488 5.343837217 8.296722391 15.90707267
jg3254 488 MSTRG.10881_jg3254 782.7063043 3.666299092 0.64806267 5.657321837 1.54E-08 1.65E-07 70.57102238 126.5028951 108.3793151 301.7708253 951.2030246 1460.223141 2460.293907
jg3280 117 MSTRG.10911_jg3280 7.156235156 -6.353006788 1.792610758 -3.543996799 0.00039411 0.001599623 22.86103542 12.72514329 14.50746738 0 0 0 0
jg3293 363 MSTRG.10925_jg3293 8.235471652 -6.554389346 2.060382144 -3.181152276 0.001466905 0.005039628 44.72811277 5.239764886 7.680423906 0 0 0 0
jg3297 247 MSTRG.10928_jg3297 11.04555344 -6.978543577 1.861212372 -3.749461201 0.000177215 0.000790441 54.66769339 14.97075682 7.680423906 0 0 0 0
jg3310 475 MSTRG.10941_jg3310 162.0479114 7.094954731 1.353355176 5.242492774 1.58E-07 1.39E-06 0 5.988302726 0 59.32246992 146.4211397 94.3752172 828.2282505
jg3331 189 MSTRG.10962_jg3331 18.91321952 -3.9272657 1.183123445 -3.319404848 0.000902095 0.003309401 35.78249022 49.40349749 36.69535866 0 0 4.148361195 6.362829069
jg3334 122 MSTRG.10964_jg3334 18.29365602 7.662652918 1.454983189 5.266488971 1.39E-07 1.23E-06 0 0 0 24.50275932 51.30083728 34.22397986 18.0280157
jg3343 387 MSTRG.10974_jg3343 11107.35275 -5.396299478 0.731022644 -7.381849968 1.56E-13 3.66E-12 9402.843263 47451.3108 18510.67499 1372.154522 387.9625819 244.7533105 381.7697442
jg3346 384 MSTRG.10977_jg3346 11103.54192 -5.398713674 0.731499182 -7.380341373 1.58E-13 3.70E-12 9382.964102 47460.29326 18499.58105 1369.575284 386.8938145 243.7162202 381.7697442
jg3349 812 MSTRG.10980_jg3349 54.75783329 2.625848838 1.010550861 2.598433133 0.009365028 0.024907344 19.87916123 8.98245409 12.80070651 5.158475645 51.30083728 191.8617053 93.32149302
jg3350 338 MSTRG.10981_jg3350 289.7147196 -2.28864277 0.304361652 -7.519484646 5.50E-14 1.36E-12 619.2358724 446.877091 526.5357278 143.1476992 81.2263257 96.44939779 114.5309232
jg3356 347 MSTRG.10987_jg3356 440.3552197 -2.274250036 0.321171439 -7.081109205 1.43E-12 2.90E-11 909.4716264 675.9296702 830.3391623 230.8417851 121.8394885 133.7846486 180.280157
jg3358 812 MSTRG.10989_jg3358 63.27089099 2.117730732 0.995991947 2.126252866 0.03348221 0.07239484 34.78853216 12.72514329 17.92098911 6.448094557 54.50713961 213.6406016 102.8657366
jg3364 463 MSTRG.10995_jg3364 145.4412483 2.332508951 0.873961783 2.668891246 0.007610209 0.020922052 79.51664493 26.19882443 26.45479345 208.9182636 220.1660933 433.5037449 23.33037325
jg3365 435 MSTRG.10998_jg3365 764.5245151 3.624204731 0.444294709 8.157208845 3.43E-16 1.11E-14 93.43205779 90.57307874 122.8867825 519.7164213 1433.217142 1620.972137 1470.873987
jg3392 118 MSTRG.11028_jg3392 32.49159954 -2.282194115 0.564382257 -4.043702806 5.26E-05 0.000266836 51.68581921 80.09354897 46.93592387 6.448094557 14.96274421 11.40799329 15.90707267
jg3394 434 MSTRG.11031_jg3394 5669.429479 -2.283665361 0.254586412 -8.970099174 2.96E-19 1.32E-17 9402.843263 11947.41248 9804.487806 2010.515883 2457.096352 1555.635448 2508.015125
jg3395 378 MSTRG.11032_jg3395 99.85523209 2.438777402 1.004788485 2.427155005 0.015217753 0.037351285 17.89124511 20.95905954 46.08254343 67.06018339 51.30083728 26.96434777 468.7284081
jg3396 78 MSTRG.11034_jg3396 17.01525337 2.371495768 1.112568825 2.13154972 0.033043881 0.071645513 2.981874185 5.239764886 6.827043472 7.737713468 9.61890699 11.40799329 75.29347732
jg3398 961 MSTRG.11037_jg3398 2746.839329 -2.019154374 0.557902511 -3.619188538 0.000295528 0.001240719 4850.515341 5223.297053 4394.909235 991.7169428 436.0571169 874.2671219 2457.112492
jg3399 109 MSTRG.11036_jg3399 43.4598719 2.64759321 0.952981196 2.778221881 0.005465728 0.015758458 0 19.46198386 12.80070651 69.63942121 50.23206984 74.67050152 77.41442034
jg3402 389 MSTRG.11040_jg3402 1680.926325 2.628916338 0.435128171 6.041705673 1.52E-09 1.97E-08 420.4442601 560.6548428 291.002728 4100.988138 2706.119167 1410.442806 2276.832335
jg3403 665 MSTRG.11041_jg3403 1861.980972 6.056597181 1.201793249 5.039633218 4.66E-07 3.71E-06 0 104.0467599 40.96226083 7669.363666 3009.64912 854.5624062 1355.282592
jg3404 134 MSTRG.11043_jg3404 31.40129736 4.364043032 1.242025014 3.513651484 0.000441992 0.001770847 0 7.485378408 0 79.9563725 56.6446745 28.00143807 47.72121802
jg3406 95 MSTRG.11042_jg3406 30.92369089 3.466026703 1.677844033 2.065762154 0.038850943 0.081795541 13.91541286 0 0 10.31695129 14.96274421 39.40943136 137.8612965
jg3419 533 MSTRG.11060_jg3419 4684.883423 4.738082886 0.526080893 9.006377059 2.13E-19 9.62E-18 258.429096 393.7309043 244.0668041 2494.122975 8662.360128 8432.58122 12308.89283
jg3421 241 MSTRG.11061_jg3421 47.32436583 -4.061640762 1.277446418 -3.179499902 0.001475294 0.005066092 94.42601586 127.9999708 84.48466296 0 17.10027909 7.259632092 0
jg3423 647 MSTRG.11063_jg3423 236.8671496 -5.49091357 0.977563453 -5.616938272 1.94E-08 2.04E-07 258.429096 1012.771699 338.7920323 27.08199714 8.550139547 12.44508359 0
jg3429 585 MSTRG.11069_jg3429 605.456859 3.881767752 0.768982549 5.047926975 4.47E-07 3.57E-06 88.46226749 61.38010295 55.46972821 166.3608396 596.3722334 861.8220383 2408.330803
jg3435 503 MSTRG.11076_jg3435 907.9520593 -2.91760626 0.263035534 -11.09206126 1.37E-28 1.44E-26 1780.178888 1746.338783 1875.730194 243.7379742 305.6674888 236.4565881 167.5544988
jg3439 636 MSTRG.11080_jg3439 2819.127969 2.476352049 0.231621781 10.69136089 1.12E-26 9.97E-25 654.0244046 864.5612061 824.3654992 5108.180508 4599.975076 4247.921864 3434.867226
jg3444 641 MSTRG.11085_jg3444 413.7935461 -4.490078595 0.366104986 -12.26445629 1.41E-34 2.35E-32 857.7858072 1145.262896 731.3470319 36.10932952 53.43837217 24.89016717 47.72121802
jg3449 560 MSTRG.11090_jg3449 139.8427855 -2.136444691 1.076698615 -1.984255075 0.047227412 0.096028637 298.1874185 255.9999416 197.1308802 0 50.23206984 82.96722391 94.38196453
jg3460 533 MSTRG.11099_jg3460 152.5731296 -2.315177425 1.069816842 -2.164087658 0.030457623 0.066895108 303.1572088 279.9531525 259.4276519 0 45.95700006 80.89304331 98.62385057
jg3462 296 MSTRG.11103_jg3462 39162.68888 2.912834584 0.762304183 3.821092219 0.000132862 0.000611928 8627.555975 9142.641188 7058.309569 131096.2104 62215.09041 49541.80358 6457.211034
jg3464 553 MSTRG.11106_jg3464 3051.105845 3.419177945 0.624300202 5.476816972 4.33E-08 4.24E-07 453.2448761 416.9355773 529.0958691 10267.94577 4813.728565 3636.038588 1240.751669
jg3465 342 MSTRG.11107_jg3465 12.80752291 -7.193924323 2.71597345 -2.648746189 0.008079098 0.021966068 41.74623859 47.90642181 0 0 0 0 0
jg3469 108 MSTRG.11111_jg3469 11.5783864 2.769438789 1.166906874 2.373316031 0.017629173 0.04226437 4.969790308 1.497075682 1.706760868 2.579237823 17.10027909 39.40943136 13.78612965
jg3470 336 MSTRG.11113_jg3470 32964.07932 -3.597958189 0.945591814 -3.804980263 0.000141815 0.000649015 48652.2592 90802.13132 68405.26883 17498.83901 3051.331051 1770.31314 568.4127302
jg3480 113 MSTRG.11123_jg3480 5.030469968 5.799568859 1.857031053 3.123032784 0.001789978 0.005998143 0 0 0 9.027332379 3.20630233 15.55635448 7.423300581
jg3481 375 MSTRG.11124_jg3481 3828.636834 15.37101665 2.311155794 6.65079208 2.92E-11 4.91E-10 0 0 0 9260.753402 11933.85727 5588.87962 16.96754418
jg3487 534 MSTRG.11130_jg3487 329.5540472 -5.624639202 0.457869635 -12.28436824 1.10E-34 1.85E-32 1009.861391 517.239648 718.5463254 23.2131404 9.61890699 10.37090299 18.0280157
jg3488 567 MSTRG.11131_jg3488 1204.554766 3.769235204 0.366116605 10.29517687 7.41E-25 5.62E-23 146.1118351 178.900544 114.3529782 3008.68092 1682.239956 1960.100665 1341.496462
jg3516 120 MSTRG.11160_jg3516 9.882172716 6.77625216 1.710000295 3.962719877 7.41E-05 0.000363935 0 0 0 5.158475645 12.82520932 34.22397986 16.96754418
jg3517 273 MSTRG.11161_jg3517 1481.332162 10.15169827 2.055070138 4.939830561 7.82E-07 5.98E-06 0 6.736840567 0 3511.632296 5722.180892 1109.68662 19.08848721
jg3530 105 MSTRG.11174_jg3530 178.5426715 -2.178159355 0.2579677 -8.443535193 3.08E-17 1.12E-15 310.1149152 345.0759446 310.630478 58.03285101 85.50139547 73.63341122 66.80970523
jg3532 548 MSTRG.11178_jg3532 32.10306998 -3.01004894 1.442935497 -2.086059249 0.036973256 0.07855354 78.52268687 74.10524624 40.1088804 12.89618911 0 0 19.08848721
jg3533 95 MSTRG.11179_jg3533 14.17108244 -3.114678927 0.831243859 -3.747009849 0.000178955 0.000796879 39.75832247 29.19297579 17.06760868 2.579237823 5.343837217 2.074180598 3.181414535
jg3534 107 MSTRG.11177_jg3534 8.158079566 -3.669651097 1.323313912 -2.773076791 0.005552902 0.015978592 21.86707736 17.96490818 11.94732608 0 3.20630233 0 2.120943023
jg3538 105 MSTRG.11183_jg3538 90.64000558 -2.194872408 0.292602644 -7.501204979 6.32E-14 1.55E-12 156.0514157 163.1812493 172.3828477 30.95085387 38.47562796 35.26107016 38.17697442
jg3562 270 MSTRG.11207_jg3562 22.48593454 7.960153836 2.178789091 3.653476084 0.000258714 0.001102502 0 0 0 0 81.2263257 54.96578584 21.20943023
jg3563 571 MSTRG.11208_jg3563 384.8175684 6.840164108 1.142412456 5.987473327 2.13E-09 2.67E-08 0 17.21637034 0 544.2191806 813.3320244 858.7107674 460.244636
