jg15505 208 MSTRG.111 MSTRG.111_jg15505 1582.129211 -2.086814742 0.435239429 -4.79463625 1.63E-06 1.21E-05 4507.320306 2067.263226 1855.414602 483.1162249 892.8389253 654.4292448 614.5219472
jg15511 427 MSTRG.119 MSTRG.119_jg15511 74.72492907 2.037890598 1.049827698 1.941166728 0.052238057 0.098979279 44.51674376 13.78175484 22.71565379 331.510715 31.22404559 12.3477216 66.97786891
jg15514 237 MSTRG.120 MSTRG.120_jg15514 135.3373313 10.08713736 1.792777945 5.626540299 1.84E-08 2.21E-07 0 0 0 3.032110198 73.4187018 233.783529 637.126978
jg15515 1053 MSTRG.123 MSTRG.123_jg15515 540.9958642 3.465652554 0.475044231 7.295431303 2.98E-13 9.21E-12 41.33697635 76.94813118 120.8472782 819.6804568 576.3790038 1269.345781 882.4334228
jg15516 717 MSTRG.122 MSTRG.122_jg15516 58.65212408 -9.728085056 1.246186334 -7.806284493 5.89E-15 2.44E-13 211.4545329 113.6994774 85.41085827 0 0 0 0
jg16358 161 MSTRG.1014 MSTRG.1014_jg16358 93.23240927 4.140685166 0.780261773 5.30678973 1.12E-07 1.11E-06 0 9.187836559 16.35527073 162.7232473 215.1927466 166.2826509 82.88511277
jg16359 142 MSTRG.1015 MSTRG.1015_jg16359 51.01498257 3.547274124 0.788062915 4.501257524 6.76E-06 4.31E-05 0 12.63327527 8.177635366 102.0810433 86.07709866 101.2513171 46.88450823
jg16360 127 MSTRG.1016 MSTRG.1016_jg16360 26.88815006 3.2031197 0.921451217 3.476168506 0.000508633 0.001895577 0 9.187836559 4.543130759 31.33180538 47.25801495 71.61678528 24.27947748
jg16364 101 MSTRG.1021 MSTRG.1021_jg16364 62.63042147 -2.383157442 1.219655028 -1.95396025 0.050705918 0.096465466 217.8140677 76.94813118 54.51756911 15.16055099 62.44809118 11.52454016 0
jg16367 112 MSTRG.1027 MSTRG.1027_jg16367 7.567149729 5.925970817 2.369392329 2.5010509 0.012382538 0.029343354 0 0 0 15.16055099 31.22404559 6.58545152 0
jg16377 192 MSTRG.1038 MSTRG.1038_jg16377 1017.580674 -2.739619628 0.462466155 -5.923935408 3.14E-09 4.38E-08 3187.71683 1436.747942 1313.873415 191.0229425 260.7629754 321.8639431 411.0766704
jg16380 576 MSTRG.1043 MSTRG.1043_jg16380 543.667674 2.144342994 0.414078557 5.178589804 2.24E-07 2.09E-06 104.9323246 151.5993032 293.486247 774.1988039 862.4587728 747.4487476 871.5495191
jg16391 522 MSTRG.1054 MSTRG.1054_jg16391 699.902186 2.688808202 0.44364244 6.060755144 1.35E-09 2.06E-08 98.57278975 122.887314 287.125864 1240.133071 994.1061002 1189.497181 966.9929823
jg16396 168 MSTRG.1060 MSTRG.1060_jg16396 2.749069426 4.465262951 2.164510968 2.062943093 0.039118035 0.07741435 0 0 0 5.053516997 1.687786248 3.29272576 9.209456975
jg16411 1226 MSTRG.1077 MSTRG.1077_jg16411 833.9049651 3.80427986 0.62141022 6.122010451 9.24E-10 1.46E-08 27.028023 104.5116409 164.4613335 2041.620867 1061.61755 1662.826509 775.2688326
jg16413 82 MSTRG.1079 MSTRG.1079_jg16413 8.840168422 6.150635637 2.26030053 2.721158339 0.006505359 0.017021205 0 0 0 16.17125439 17.72175561 27.98816896 0
jg16414 339 MSTRG.1080 MSTRG.1080_jg16414 14.55476576 6.870146088 2.185845774 3.143015014 0.001672173 0.005301034 0 0 0 23.24617818 17.72175561 60.91542656 0
jg16421 101 MSTRG.1087 MSTRG.1087_jg16421 297.5092162 2.1484479 0.415717957 5.168042097 2.37E-07 2.19E-06 100.1626735 106.8086 94.49711978 299.1682062 302.1137384 530.1288474 649.6853284
jg16426 756 MSTRG.1093 MSTRG.1093_jg16426 365.3674046 3.152176229 0.500051005 6.303709422 2.91E-10 5.10E-09 62.00546452 63.16637634 73.59871829 395.1850291 283.5480897 799.3091783 880.7589761
jg24592 900 MSTRG.10005 MSTRG.10005_jg24592 463.0418863 3.251831867 0.704611707 4.615069313 3.93E-06 2.65E-05 11.12918594 126.3327527 98.13162439 1022.83184 674.2706062 882.4505037 426.1466909
jg24596 404 MSTRG.10009 MSTRG.10009_jg24596 24102.79405 -2.041011351 0.396661335 -5.145475934 2.67E-07 2.44E-06 67760.84354 32418.13282 27254.24142 10379.92391 11973.15564 8866.487291 10066.7737
jg24615 109 MSTRG.10028 MSTRG.10028_jg24615 6.607499618 4.742949573 1.873099959 2.532139062 0.011336902 0.027240834 0 0 0.908626152 1.010703399 10.97061061 7.40863296 25.9539242
jg24617 366 MSTRG.10030 MSTRG.10030_jg24617 132.2593266 2.300713926 0.966553372 2.380327866 0.01729724 0.038976829 0 47.08766237 74.50734444 252.6758498 197.470991 151.465385 202.6080534
jg24623 310 MSTRG.10035 MSTRG.10035_jg24623 2681.307886 -5.233664401 0.392522338 -13.33341797 1.48E-40 1.06E-37 9143.421191 4644.451381 4338.689875 202.1406799 154.4324417 165.4594694 120.560164
jg24656 473 MSTRG.10069 MSTRG.10069_jg24656 33.9964183 -3.599865473 0.995338119 -3.616726222 0.000298353 0.001191705 60.41558082 83.8390086 69.96421369 11.11773739 10.12671749 0 2.511670084
jg24657 284 MSTRG.10070 MSTRG.10070_jg24657 30302.54212 -2.344932501 0.581375408 -4.033422244 5.50E-05 0.000273968 114164.7793 31289.1774 22567.54773 11105.60895 13480.34876 8460.658841 11049.67392
jg24658 103 MSTRG.10071 MSTRG.10071_jg24658 425.650068 -2.644454965 0.602976913 -4.385665365 1.16E-05 6.93E-05 1233.749756 685.6423032 536.9980557 38.40672917 110.5499993 198.386727 175.8169059
jg24659 725 MSTRG.10072 MSTRG.10072_jg24659 12470.75278 -2.392659423 0.4041928 -5.919599313 3.23E-09 4.50E-08 33971.04514 19044.08823 16604.2343 2917.900714 4119.886232 6065.20085 4572.914
jg24670 742 MSTRG.10083 MSTRG.10083_jg24670 260.2330736 6.707521731 2.018150363 3.323598604 0.00088864 0.003079601 0 0 12.72076612 14.14984759 88.60877803 497.2015898 1208.950534
jg24671 147 MSTRG.10084 MSTRG.10084_jg24671 7916.796829 -3.675594095 0.449231742 -8.181955438 2.79E-16 1.43E-14 28325.3681 12095.78683 9760.462122 1267.422063 1345.16564 1010.043627 1613.329417
jg24677 225 MSTRG.10087 MSTRG.10087_jg24677 17.2021354 -4.311148065 1.394866151 -3.090725273 0.001996683 0.006172853 76.31441787 27.56350968 9.086261518 0 0 4.93908864 2.511670084
jg24680 685 MSTRG.10092 MSTRG.10092_jg24680 200.7965716 3.114549221 1.015783792 3.066153688 0.002168318 0.00661937 0 41.34526452 69.96421369 603.3899294 137.5545792 250.2471578 303.0748568
jg24683 257 MSTRG.10095 MSTRG.10095_jg24683 6.872326667 5.78725036 2.330327666 2.483449192 0.013011689 0.030578691 0 0 0 13.13914419 16.03396936 18.93317312 0
jg24684 722 MSTRG.10096 MSTRG.10096_jg24684 282.3324218 2.264338285 0.722911041 3.132250246 0.001734719 0.005472187 68.36499935 101.0662022 97.22299824 135.4342555 221.9438916 283.9975968 1068.297009
jg24686 270 MSTRG.10098 MSTRG.10098_jg24686 23.76266834 4.893440852 1.296164524 3.77532386 0.0001598 0.000693197 0 0 3.634504607 25.26758498 58.22862556 68.32405952 10.8839037
jg24690 80 MSTRG.10103 MSTRG.10103_jg24690 152.8473786 -7.212804721 0.666611344 -10.82010498 2.76E-27 5.36E-25 414.9596472 350.2862688 295.3034993 1.010703399 1.687786248 0.82318144 5.860563529
jg24691 363 MSTRG.10104 MSTRG.10104_jg24691 2866.263889 -4.797965966 0.509998558 -9.407803006 5.07E-21 4.98E-19 6162.389243 6469.385417 6514.849508 91.97400934 194.9393117 203.3258157 426.9839143
jg24743 106 MSTRG.10160 MSTRG.10160_jg24743 8.945149694 6.167036445 1.748190672 3.527668087 0.000419237 0.001600933 0 0 0 18.19266119 13.50228999 3.29272576 27.62837092
jg24746 722 MSTRG.10164 MSTRG.10164_jg24746 80.65070811 4.454290423 1.411352186 3.156044585 0.001599244 0.005099966 0 0 18.17252304 67.71712775 25.31679372 74.0863296 379.2621827
jg24757 92 MSTRG.10176 MSTRG.10176_jg24757 30.86187284 7.954685775 2.182913703 3.644067909 0.000268363 0.001086209 0 0 0 0 30.38015247 12.3477216 173.3052358
jg24762 128 MSTRG.10179 MSTRG.10179_jg24762 1308.944091 -2.124304954 0.491977577 -4.317889785 1.58E-05 9.08E-05 3815.720894 1928.297198 1272.985239 701.4281591 691.1484687 371.2548295 381.7738528
jg24777 810 MSTRG.10196 MSTRG.10196_jg24777 845.0531643 4.380977167 0.47105865 9.300279621 1.40E-20 1.32E-18 28.6179067 72.3542129 102.6747551 1241.143774 1183.982053 1345.078473 1941.520975
jg24778 405 MSTRG.10194 MSTRG.10194_jg24778 10530.06744 -2.105428235 0.47060843 -4.473843006 7.68E-06 4.83E-05 32888.33434 12892.83165 10493.72343 4129.73409 5638.049962 3602.241982 4065.556643
jg24790 199 MSTRG.10207 MSTRG.10207_jg24790 61.52471894 2.978329542 0.971371206 3.066108532 0.002168646 0.00661937 0 14.93023441 21.80702764 119.2630011 37.13129746 62.56178944 174.9796825
jg24801 436 MSTRG.10219 MSTRG.10219_jg24801 1336.872898 2.911915583 0.538984419 5.40259696 6.57E-08 6.91E-07 281.4094159 307.7925247 258.9584533 653.9250994 3188.228223 1848.865514 2818.931058
jg24802 107 MSTRG.10220 MSTRG.10220_jg24802 152.1957868 5.898807354 0.952116903 6.195465425 5.81E-10 9.51E-09 0 9.187836559 3.634504607 49.52446657 433.7610658 199.2099085 370.0527257
jg24818 302 MSTRG.10237 MSTRG.10237_jg24818 7908.013267 -3.004082706 0.408424588 -7.355293474 1.91E-13 6.20E-12 23973.8564 12480.52749 11013.45759 1493.819624 2329.145023 2518.935207 1546.351548
jg24823 347 MSTRG.10243 MSTRG.10243_jg24823 1504.685896 -2.303760843 0.401434527 -5.738820868 9.53E-09 1.22E-07 4440.54519 2044.293634 1809.074668 498.2767759 605.07137 524.3665773 611.1730538
jg24826 88 MSTRG.10248 MSTRG.10248_jg24826 19.35522034 4.06075693 1.190006773 3.412381358 0.00064398 0.002327543 0 5.742397849 0 49.52446657 32.06793872 23.87226176 24.27947748
jg24829 614 MSTRG.10253 MSTRG.10253_jg24829 668.9337353 2.72467438 0.329717217 8.263670332 1.41E-16 7.61E-15 135.140115 138.966028 201.7150057 1390.727877 919.8435053 1040.50134 855.6422753
jg24830 103 MSTRG.10252 MSTRG.10252_jg24830 3.330226863 4.743027328 2.25816579 2.100389329 0.035694607 0.07163951 0 0 0 4.042813597 3.375572496 0.82318144 15.0700205
jg24831 1309 MSTRG.10256 MSTRG.10256_jg24831 947.0809306 4.937659477 0.53392533 9.247846463 2.29E-20 2.09E-18 93.80313864 29.86046882 36.34504607 1137.041324 1072.588161 1857.097329 2402.831047
jg24838 795 MSTRG.10260 MSTRG.10260_jg24838 203.3711518 2.21222096 0.552360668 4.005029843 6.20E-05 0.000304357 85.85372011 53.97853979 59.06069986 112.1880773 358.6545777 273.2962381 480.5662094
jg24842 89 MSTRG.10264 MSTRG.10264_jg24842 29.33903768 -2.403368126 0.844157474 -2.84706136 0.004412486 0.012184915 73.13465046 47.08766237 43.61405528 22.23547478 9.282824365 1.64636288 8.372233613
jg24843 324 MSTRG.10265 MSTRG.10265_jg24843 169.6781987 -2.474646608 0.351039919 -7.049473508 1.80E-12 4.80E-11 335.4654619 298.6046882 324.3795362 36.38532238 71.73091555 61.738608 59.44285865
jg24848 672 MSTRG.10270 MSTRG.10270_jg24848 212.5355144 3.69449497 1.116407808 3.309270091 0.000935396 0.00321822 12.71906965 22.9695914 45.43130759 7.074923795 356.1228984 917.8473056 125.5835042
jg24854 310 MSTRG.10276 MSTRG.10276_jg24854 1316.722689 2.257701877 0.488673468 4.620062322 3.84E-06 2.60E-05 246.4319744 442.1646344 559.7137095 3296.914489 1830.404186 1773.132822 1068.297009
jg24856 911 MSTRG.10280 MSTRG.10280_jg24856 230.6694037 10.85643742 1.443175307 7.522604753 5.37E-14 1.90E-12 0 0 0 96.01682293 340.9328221 259.3021536 918.4340274
jg24860 274 MSTRG.10283 MSTRG.10283_jg24860 373.3047332 -3.409505454 1.257478982 -2.711381664 0.006700345 0.017447836 1178.103826 606.3972129 536.9980557 269.8578076 13.50228999 5.76227008 2.511670084
jg24864 437 MSTRG.10286 MSTRG.10286_jg24864 344.7929565 2.697115542 0.593872736 4.541571584 5.58E-06 3.63E-05 77.90430158 84.98748817 87.22811057 134.4235521 824.4835823 554.0011091 650.5225518
jg24871 116 MSTRG.10293 MSTRG.10293_jg24871 8.149065807 3.673540004 1.644139527 2.234323756 0.025461778 0.053936902 0 1.14847957 1.817252304 7.074923795 36.28740434 9.87817728 0.837223361
jg24874 171 MSTRG.10297 MSTRG.10297_jg24874 55.27715454 5.829975099 1.29372171 4.506359486 6.59E-06 4.21E-05 0 0 4.543130759 22.23547478 27.00457997 150.6422035 182.5146928
jg24879 2061 MSTRG.10304 MSTRG.10304_jg24879 588.1514574 2.534377872 0.539258795 4.699743233 2.60E-06 1.84E-05 141.4996498 95.3238043 234.4255472 1560.526049 559.5011413 518.6043072 1007.179704
jg24886 79 MSTRG.10309 MSTRG.10309_jg24886 160.8023654 -7.914578583 1.070086874 -7.396201914 1.40E-13 4.70E-12 777.4531321 210.1717613 131.750792 2.021406799 4.219465621 0 0
jg24892 1014 MSTRG.10316 MSTRG.10316_jg24892 158.9571806 4.469613062 0.93865027 4.761744823 1.92E-06 1.40E-05 0 9.187836559 26.3501584 103.0917467 306.3332041 168.7521952 498.9851234
jg24893 150 MSTRG.10315 MSTRG.10315_jg24893 7.299554411 4.166219723 2.070603803 2.012079625 0.044211544 0.085962442 0 0 1.817252304 0 10.12671749 11.52454016 27.62837092
jg24894 1283 MSTRG.10317 MSTRG.10317_jg24894 372.5681832 2.709751259 1.058351965 2.560349816 0.010456685 0.025458097 0 133.2236301 134.4766705 340.6070456 426.1660277 665.953785 907.5501237
jg24901 187 MSTRG.10323 MSTRG.10323_jg24901 82.88337614 -7.492338277 1.076531969 -6.959698823 3.41E-12 8.63E-11 282.9992996 167.6780172 125.3904089 0 0 4.1159072 0
jg24905 90 MSTRG.10327 MSTRG.10327_jg24905 34.61197976 -3.75036442 1.493611941 -2.510936286 0.012041143 0.028676794 122.4210453 60.8694172 37.25367222 0 0 1.64636288 20.09336067
jg24933 1158 MSTRG.10356 MSTRG.10356_jg24933 32.19914489 8.016462563 1.523683651 5.261238156 1.43E-07 1.39E-06 0 0 0 18.19266119 37.97519059 42.80543488 126.4207276
jg24934 909 MSTRG.10359 MSTRG.10359_jg24934 287.7161724 2.535723015 0.452945439 5.598296826 2.16E-08 2.55E-07 38.15720894 64.31485591 126.2990351 427.5275379 493.6774776 440.4020704 423.6350208
jg24935 142 MSTRG.10358 MSTRG.10358_jg24935 12.90595368 2.995708475 1.302960732 2.299154842 0.021496148 0.046857456 0 0 7.269009214 12.12844079 21.94122123 23.04908032 25.9539242
jg24972 453 MSTRG.10391 MSTRG.10391_jg24972 29.60597305 -3.224494375 1.377190186 -2.341357358 0.019213766 0.042636884 47.69651117 65.46333548 68.14696138 11.11773739 0 14.81726592 0
jg24979 75 MSTRG.10398 MSTRG.10398_jg24979 36.40729749 -3.778058112 1.368618821 -2.760489667 0.005771478 0.015365897 151.038952 45.9391828 35.43641992 0 0 9.87817728 12.55835042
jg24980 408 MSTRG.10399 MSTRG.10399_jg24980 147.5478998 -2.875053392 0.594668541 -4.834715803 1.33E-06 1.02E-05 475.375228 244.6261484 154.4664458 20.21406799 27.00457997 60.91542656 50.23340168
jg24987 294 MSTRG.10408 MSTRG.10408_jg24987 231.955898 2.536846513 0.41073046 6.176426544 6.56E-10 1.06E-08 50.87627858 68.90877419 65.42108293 545.7798356 318.9916009 330.9189389 242.7947748
jg24990 130 MSTRG.10412 MSTRG.10412_jg24990 2.720174243 4.451216211 2.052535078 2.168643186 0.030109784 0.062097813 0 0 0 4.042813597 3.375572496 5.76227008 5.860563529
jg24991 130 MSTRG.10413 MSTRG.10413_jg24991 843.6465493 -2.66894711 0.486487633 -5.486156128 4.11E-08 4.52E-07 2814.094159 1070.382959 997.6715146 325.4464946 302.1137384 207.4417229 188.3752563
jg24997 460 MSTRG.10419 MSTRG.10419_jg24997 46.89820756 4.278684118 1.561415087 2.74026052 0.00613905 0.016222358 0 0 11.81213997 10.10703399 32.06793872 18.10999168 256.1903486
jg25015 95 MSTRG.10437 MSTRG.10437_jg25015 133.4749759 3.627004105 0.534293986 6.788405262 1.13E-11 2.64E-10 14.30895335 14.93023441 23.62427995 304.2217232 291.9870209 161.3435622 123.9090575
jg2834 534 MSTRG.10451 MSTRG.10451_jg2834 460.1466372 -2.13376674 0.476611661 -4.476950348 7.57E-06 4.77E-05 1440.434637 540.9338774 489.7494958 157.6697303 167.0908386 205.79536 219.3525207
jg2839 208 MSTRG.10456 MSTRG.10456_jg2839 1286.86632 -3.429991355 0.63692058 -5.385273236 7.23E-08 7.52E-07 3203.615667 2454.300841 2357.884864 557.9082764 226.1633573 114.4222202 93.76901647
jg2845 329 MSTRG.10463 MSTRG.10463_jg2845 5.454462268 5.45575141 2.51612328 2.168316415 0.03013462 0.062127718 0 0 0 0 2.531679372 20.579536 15.0700205
jg2858 150 MSTRG.10477 MSTRG.10477_jg2858 44.79291149 5.307947704 0.969445947 5.47523843 4.37E-08 4.78E-07 0 5.742397849 0 64.68501756 75.95038117 65.03133376 102.1412501
jg2865 1100 MSTRG.10487 MSTRG.10487_jg2865 1544.551636 2.434970464 0.415530587 5.859906691 4.63E-09 6.25E-08 241.6623233 410.0072065 663.2970908 2034.545943 1946.861437 2609.485165 2906.002287
jg2878 441 MSTRG.10496 MSTRG.10496_jg2878 101.6787822 -3.313524968 0.758107688 -4.37078402 1.24E-05 7.36E-05 79.49418529 244.6261484 303.4811347 12.12844079 18.56564873 7.40863296 46.04728487
jg2879 357 MSTRG.10497 MSTRG.10497_jg2879 1431.179633 -2.855618032 0.382001768 -7.475405281 7.70E-14 2.67E-12 2782.296485 2812.626467 2864.898257 415.3990971 195.7832048 470.0366023 477.217316
jg2880 556 MSTRG.10499 MSTRG.10499_jg2880 2754.31084 2.163996147 0.44811893 4.829066578 1.37E-06 1.04E-05 804.4811551 892.3686258 1066.727102 3163.50164 3028.732422 2813.634162 7510.730774
jg2882 727 MSTRG.10500 MSTRG.10500_jg2882 348.1342866 4.628645215 0.832640298 5.558997352 2.71E-08 3.10E-07 0 34.4543871 36.34504607 338.5856388 661.6122093 661.8378778 704.1048469
jg2892 343 MSTRG.10508 MSTRG.10508_jg2892 4.616273424 5.213199499 2.482793455 2.099731449 0.035752471 0.071731693 0 0 0 9.096330594 0 13.17090304 10.04668034
jg2896 577 MSTRG.10514 MSTRG.10514_jg2896 25.47985255 4.995242115 1.287922788 3.878526073 0.000105091 0.000483809 0 0 3.634504607 16.17125439 20.25343498 88.90359552 49.39617832
jg2899 603 MSTRG.10518 MSTRG.10518_jg2899 1786.041533 2.219786649 0.398668217 5.568005056 2.58E-08 2.96E-07 360.9036012 689.0877419 682.37824 3383.834981 3111.433949 2613.601072 1661.051149
jg2901 379 MSTRG.10521 MSTRG.10521_jg2901 269.4610062 3.332639206 0.47130235 7.071127914 1.54E-12 4.16E-11 28.6179067 49.38462151 51.79169065 313.3180538 270.0457997 581.9892781 591.0796931
jg2902 175 MSTRG.10522 MSTRG.10522_jg2902 25.80127373 2.888777357 0.958774215 3.012990245 0.002586872 0.007722586 0 12.63327527 3.634504607 31.33180538 43.03854933 26.34180608 63.62897546
jg2903 255 MSTRG.10523 MSTRG.10523_jg2903 80.99509107 3.359324132 0.945327926 3.553607206 0.000379986 0.001464819 0 16.07871398 21.80702764 189.0015357 108.0183199 40.33589056 191.7241497
jg2906 412 MSTRG.10526 MSTRG.10526_jg2906 2563.475375 2.979968378 0.771349711 3.863316905 0.000111858 0.00051027 394.291159 588.0215398 575.1603541 4517.844195 9581.562531 1561.575192 725.8726543
jg2915 552 MSTRG.10534 MSTRG.10534_jg2915 216.5635127 2.047459213 0.51032109 4.012099937 6.02E-05 0.000296435 49.28639488 73.50269247 109.0351382 297.1467994 228.6950366 210.7344486 547.5440783
jg2918 562 MSTRG.10537 MSTRG.10537_jg2918 96.17693741 3.608031484 0.904920771 3.987124178 6.69E-05 0.000325387 0 8.039356989 29.98466301 148.5733997 91.98435053 226.374896 168.2818956
jg2931 158 MSTRG.10550 MSTRG.10550_jg2931 96.43160211 3.889890611 1.207123081 3.222447381 0.001271005 0.004196607 23.84825559 0 9.086261518 77.82416175 32.91183184 65.8545152 465.4961889
jg2932 503 MSTRG.10551 MSTRG.10551_jg2932 442.6395925 2.337071711 0.44366842 5.267608886 1.38E-07 1.35E-06 133.5502313 102.2146817 164.4613335 485.1376317 403.3809133 1001.811813 807.9205437
jg2933 372 MSTRG.10552 MSTRG.10552_jg2933 40.77538243 -4.065114131 0.681577898 -5.964269296 2.46E-09 3.51E-08 38.15720894 103.3631613 122.6645305 7.074923795 4.219465621 5.76227008 4.186116807
jg2938 613 MSTRG.10558 MSTRG.10558_jg2938 1115.89888 2.004596933 0.542183758 3.697264816 0.000217935 0.00090765 416.5495309 370.9589011 442.5009359 1735.377737 589.0374006 1251.235789 3005.631867
jg2939 239 MSTRG.10559 MSTRG.10559_jg2939 65.26112415 2.438538095 0.921708829 2.645670757 0.008152913 0.020598767 0 22.9695914 31.80191531 151.6055099 101.2671749 88.90359552 60.28008202
jg2942 499 MSTRG.10562 MSTRG.10562_jg2942 178.2952021 3.759796188 0.839732399 4.477374211 7.56E-06 4.76E-05 0 35.60286667 29.07603686 225.386858 224.475571 336.681209 396.8438733
jg2958 245 MSTRG.10581 MSTRG.10581_jg2958 2.534558177 -5.187779922 2.623011328 -1.97779547 0.047951785 0.092106288 12.71906965 2.29695914 2.725878455 0 0 0 0
jg2959 137 MSTRG.10582 MSTRG.10582_jg2959 101.8106723 -10.52779489 1.155410685 -9.111734053 8.11E-20 6.88E-18 166.9377891 276.7835763 268.9533409 0 0 0 0
jg2961 137 MSTRG.10584 MSTRG.10584_jg2961 101.1615325 -10.51843485 1.14984434 -9.147703286 5.82E-20 5.07E-18 173.2973239 276.7835763 258.0498271 0 0 0 0
jg2962 199 MSTRG.10585 MSTRG.10585_jg2962 2.534558177 -5.187779922 2.623011328 -1.97779547 0.047951785 0.092106288 12.71906965 2.29695914 2.725878455 0 0 0 0
jg2979 283 MSTRG.10602 MSTRG.10602_jg2979 19.4082235 -5.364544205 1.389150474 -3.861744501 0.00011258 0.000512943 44.51674376 34.4543871 52.7003168 0 0 0 4.186116807
jg2987 582 MSTRG.10611 MSTRG.10611_jg2987 962.141288 4.612545274 1.26057958 3.659067106 0.000253135 0.001032221 73.13465046 65.46333548 61.78657832 1346.256928 5049.856455 126.7699418 11.72112706
jg2991 444 MSTRG.10615 MSTRG.10615_jg2991 4387.267166 2.518462105 0.396055241 6.358865749 2.03E-10 3.70E-09 1726.613704 952.0895634 877.7328626 7957.267863 5665.898435 8781.699602 4749.568129
jg2992 219 MSTRG.10616 MSTRG.10616_jg2992 80.47499204 3.144629243 0.735546446 4.275228653 1.91E-05 0.000107682 20.66848817 9.187836559 14.53801843 63.67431416 80.16984679 293.8757741 81.21066605
jg2998 196 MSTRG.10624 MSTRG.10624_jg2998 19.97161172 -2.590859484 1.163971244 -2.225879287 0.026022268 0.054953779 74.72453417 17.22719355 22.71565379 0 9.282824365 3.29272576 12.55835042
jg3003 322 MSTRG.10628 MSTRG.10628_jg3003 2681.815693 -5.029779511 0.789494163 -6.370888783 1.88E-10 3.44E-09 8179.951666 4691.539043 5164.631047 436.6238685 97.8916024 178.6303725 23.44225412
jg3009 107 MSTRG.10633 MSTRG.10633_jg3009 25.29044404 -2.629658508 0.784903725 -3.350294339 0.000807257 0.002832186 69.95488305 40.19678495 35.43641992 13.13914419 1.687786248 7.40863296 9.209456975
jg3036 977 MSTRG.10662 MSTRG.10662_jg3036 342.6528849 2.496753413 0.492571875 5.068810338 4.00E-07 3.50E-06 63.59534823 71.20573333 145.3801843 422.4740209 416.0393102 406.6516314 873.2239659
jg3043 570 MSTRG.10668 MSTRG.10668_jg3043 1048.81379 4.432271511 0.793641866 5.584724926 2.34E-08 2.73E-07 28.6179067 99.91772258 117.2127736 4217.665285 1373.858006 1132.697661 371.7271724
jg3046 141 MSTRG.10671 MSTRG.10671_jg3046 135.5249718 -3.322060551 0.594836553 -5.584829203 2.34E-08 2.72E-07 289.3588344 271.0411785 276.2223501 52.55657676 24.4729006 8.2318144 26.79114756
jg3047 376 MSTRG.10672 MSTRG.10672_jg3047 693.9187133 -3.436828261 0.627121803 -5.480320162 4.25E-08 4.66E-07 1499.260334 1453.975135 1371.116863 290.0718756 131.6473274 48.56770496 62.7917521
jg3051 81 MSTRG.10674 MSTRG.10674_jg3051 15.46189344 6.956565011 2.129621918 3.266572791 0.001088578 0.00367626 0 0 0 43.46024617 38.81908371 0 25.9539242
jg3052 250 MSTRG.10673 MSTRG.10673_jg3052 328.6394826 3.624756568 0.688508705 5.264648858 1.40E-07 1.37E-06 81.08406899 31.00894839 20.89840149 886.3868812 732.4992317 183.5694611 365.0293855
jg3055 454 MSTRG.10681 MSTRG.10681_jg3055 1801.992331 -2.249928308 0.426451889 -5.275925298 1.32E-07 1.29E-06 4737.853443 2590.96991 2523.254823 1086.506154 626.1686981 530.9520288 518.2412607
jg3056 148 MSTRG.10683 MSTRG.10683_jg3056 9.158984112 6.203555902 1.604918048 3.86534123 0.000110934 0.000506672 0 0 0 8.085627195 25.31679372 15.64044736 15.0700205
jg3057 206 MSTRG.10684 MSTRG.10684_jg3057 7.625913005 5.937166415 1.575917662 3.767434402 0.000164934 0.000713408 0 0 0 14.14984759 13.50228999 13.17090304 12.55835042
jg3071 171 MSTRG.10698 MSTRG.10698_jg3071 12.01181608 3.50055586 1.66318916 2.104725033 0.03531525 0.07102993 0 2.29695914 2.725878455 21.22477139 42.19465621 15.64044736 0
jg3076 706 MSTRG.10702 MSTRG.10702_jg3076 864.2596418 2.251916281 0.413262101 5.449123637 5.06E-08 5.46E-07 171.7074402 265.2987806 384.3488622 1842.512297 1265.839686 1211.72308 908.387347
jg3090 260 MSTRG.10715 MSTRG.10715_jg3090 624.5014242 -2.031651407 0.420654593 -4.829737843 1.37E-06 1.04E-05 1670.967775 901.5564624 724.175043 370.9281475 221.9438916 214.0271744 267.9114756
jg3091 85 MSTRG.10716 MSTRG.10716_jg3091 57.70444493 -2.199736517 0.62064341 -3.544284017 0.000393681 0.001511744 187.6062773 62.01789677 63.60383062 32.34250878 15.19007623 21.40271744 21.76780739
jg3092 290 MSTRG.10717 MSTRG.10717_jg3092 3226.747225 2.020794782 0.460114439 4.391939507 1.12E-05 6.75E-05 527.8413903 1217.388344 1776.364127 3995.310537 3785.704555 5907.973195 5376.648426
jg3105 420 MSTRG.10732 MSTRG.10732_jg3105 176.7596452 2.635152922 1.0530568 2.502384412 0.01233599 0.029263044 0 74.65117204 58.15207371 118.2522977 171.3103042 274.942601 540.0090681
jg3122 1033 MSTRG.10750 MSTRG.10750_jg3122 832.7837065 2.350397951 0.433092893 5.427006518 5.73E-08 6.10E-07 149.4490683 196.3900065 399.7955068 1189.597901 987.3549552 1272.638506 1634.260001
jg3126 711 MSTRG.10753 MSTRG.10753_jg3126 2574.893235 3.319613264 0.472355182 7.027790505 2.10E-12 5.55E-11 216.224184 410.0072065 631.4951755 2859.279917 3357.850741 6210.903965 4338.491458
jg3137 414 MSTRG.10764 MSTRG.10764_jg3137 1037.295172 -7.597260822 0.32918583 -23.07894242 7.54E-118 7.55E-114 2586.740789 2353.234639 2271.565379 11.11773739 15.19007623 13.17090304 10.04668034
jg3143 256 MSTRG.10769 MSTRG.10769_jg3143 94.04195565 22.8803343 3.678474174 6.220061151 4.97E-10 8.30E-09 0 0 0 317.3608674 340.9328221 0 0
jg3149 908 MSTRG.10776 MSTRG.10776_jg3149 1866.875156 -2.019978214 0.520759207 -3.87891023 0.000104925 0.000483192 3491.384618 3377.678415 2965.755759 989.4786279 514.7748057 332.5653018 1396.488567
jg3154 673 MSTRG.10781 MSTRG.10781_jg3154 47.04108352 -2.271422922 0.670894723 -3.385662229 0.000710067 0.002531094 106.5222083 75.79965161 75.4159706 36.38532238 14.34618311 6.58545152 14.23279714
jg3161 185 MSTRG.10788 MSTRG.10788_jg3161 13.62967578 2.191553554 0.981695367 2.232417132 0.025587407 0.054176295 1.589883706 2.29695914 9.086261518 9.096330594 17.72175561 27.98816896 27.62837092
jg3162 631 MSTRG.10789 MSTRG.10789_jg3162 5.016005093 5.332877156 2.49979141 2.133328859 0.032897758 0.066942673 0 0 0 9.096330594 20.25343498 5.76227008 0
jg3174 527 MSTRG.10801 MSTRG.10801_jg3174 5873.532721 15.526581 1.27608583 12.16734849 4.64E-34 1.79E-31 0 0 0 5695.313655 8554.544599 16095.6667 10769.2041
jg3189 1368 MSTRG.10813 MSTRG.10813_jg3189 129.6033499 5.076718505 1.253205387 4.05098682 5.10E-05 0.000256272 0 0 19.08114919 460.8807501 96.20381615 77.37905536 253.6786785
jg3190 377 MSTRG.10814 MSTRG.10814_jg3190 17.1189814 7.102455148 1.791046057 3.965534621 7.32E-05 0.000352189 0 0 0 63.67431416 13.50228999 2.46954432 40.18672134
jg3192 1385 MSTRG.10819 MSTRG.10819_jg3192 568.0669136 2.739255899 0.676273905 4.050512493 5.11E-05 0.000256535 112.8817431 136.6690688 151.7405673 1064.270679 1670.908386 671.7160551 168.2818956
jg3193 140 MSTRG.10820 MSTRG.10820_jg3193 12.90660057 6.696319214 1.601069418 4.182404048 2.88E-05 0.000154272 0 0 0 23.24617818 43.88244245 13.17090304 10.04668034
jg3194 178 MSTRG.10818 MSTRG.10818_jg3194 53.07816203 8.735729308 1.62343969 5.381000208 7.41E-08 7.69E-07 0 0 0 210.2263071 122.364503 23.04908032 15.90724387
jg3197 118 MSTRG.10821 MSTRG.10821_jg3197 29.37457117 -5.276199505 0.863511637 -6.110166068 9.95E-10 1.56E-08 62.00546452 81.54204946 55.42619526 0 0.843893124 3.29272576 2.511670084
jg3211 798 MSTRG.10834 MSTRG.10834_jg3211 77.469088 2.100761074 0.895776756 2.34518373 0.019017706 0.04226735 33.38755782 18.37567312 29.07603686 45.48165297 17.72175561 114.4222202 283.8187195
jg3222 142 MSTRG.10845 MSTRG.10845_jg3222 141.7456896 2.155730997 0.452493287 4.764117082 1.90E-06 1.39E-05 58.82569711 49.38462151 35.43641992 320.3929776 178.9053423 138.2944819 210.9802871
jg3233 276 MSTRG.10854 MSTRG.10854_jg3233 12.34933221 6.633633341 2.383743833 2.782863346 0.00538815 0.014470961 0 0 0 0 65.82366368 18.10999168 2.511670084
jg3239 615 MSTRG.10864 MSTRG.10864_jg3239 4.741109506 -3.54252544 1.585398609 -2.234469879 0.025452172 0.053927956 11.12918594 6.890877419 11.81213997 0 0.843893124 0 2.511670084
jg3242 548 MSTRG.10867 MSTRG.10867_jg3242 21.86134602 7.458486347 1.497918068 4.979235183 6.38E-07 5.30E-06 0 0 0 12.12844079 33.75572496 50.21406784 56.93118857
jg3249 396 MSTRG.10873 MSTRG.10873_jg3249 81.64469382 -2.782750723 0.945539767 -2.943028754 0.003250182 0.009394799 213.0444166 148.1538645 117.2127736 69.73853455 4.219465621 6.58545152 12.55835042
jg3252 143 MSTRG.10876 MSTRG.10876_jg3252 15751.5896 -2.0969818 0.483358852 -4.338353978 1.44E-05 8.37E-05 50431.11114 18640.9719 14990.51425 7748.052259 6774.774 5116.895831 6558.807813
jg3254 488 MSTRG.10881 MSTRG.10881_jg3254 610.4532881 4.059861533 0.652126409 6.225574484 4.80E-10 8.06E-09 71.54476676 60.8694172 51.79169065 236.5045954 751.0648805 1159.039468 1942.358198
jg3310 475 MSTRG.10941 MSTRG.10941_jg3310 129.0867767 5.654176231 1.351477044 4.183701275 2.87E-05 0.000153558 0 0 12.72076612 46.49235637 115.613358 74.90951104 653.8714452
jg3331 189 MSTRG.10962 MSTRG.10962_jg3331 23.46209628 -4.622529448 1.155501814 -4.000451918 6.32E-05 0.000309698 28.6179067 70.05725376 57.24344756 0 0 3.29272576 5.023340168
jg3332 402 MSTRG.10963 MSTRG.10963_jg3332 70.71969244 -4.732219134 1.266248824 -3.737195285 0.000186084 0.000793022 222.5837188 129.7781914 119.0300259 6.064220396 0 0 17.58169059
jg3334 122 MSTRG.10964 MSTRG.10964_jg3334 15.4284138 3.442490676 1.307186223 2.633512054 0.008450684 0.021222394 0 6.890877419 0 19.20336459 40.50686996 27.16498752 14.23279714
jg3343 387 MSTRG.10974 MSTRG.10974_jg3343 12293.47016 -5.902011086 0.748716405 -7.882839275 3.20E-15 1.39E-13 56777.9269 15885.76941 11513.20197 1075.388417 306.3332041 194.2708198 301.4004101
jg3346 384 MSTRG.10977 MSTRG.10977_jg3346 12281.96777 -5.903532004 0.748503333 -7.88711519 3.09E-15 1.35E-13 56682.53388 15900.69965 11516.83647 1073.36701 305.4893109 193.4476384 301.4004101
jg3349 812 MSTRG.10980 MSTRG.10980_jg3349 41.48802718 3.326703269 1.240301029 2.682174079 0.007314539 0.01878515 0 12.63327527 7.269009214 4.042813597 40.50686996 152.2885664 73.6756558
jg3350 338 MSTRG.10981 MSTRG.10981_jg3350 353.0059991 -3.046496417 0.482958522 -6.307987705 2.83E-10 4.98E-09 1186.053244 545.5277957 396.1610022 112.1880773 64.13587743 76.55587392 90.42012302
jg3356 347 MSTRG.10987 MSTRG.10987_jg3356 493.1778454 -2.892045461 0.479461709 -6.031859076 1.62E-09 2.41E-08 1615.321845 731.581486 579.7034848 180.9159085 96.20381615 106.1904058 142.3279714
jg3358 812 MSTRG.10989 MSTRG.10989_jg3358 48.57431764 2.433115875 1.251623945 1.943967183 0.051899409 0.098430704 0 22.9695914 18.17252304 5.053516997 43.03854933 169.5753766 81.21066605
jg3364 463 MSTRG.10995 MSTRG.10995_jg3364 117.7966027 2.077157566 0.810288421 2.563479266 0.010362889 0.025252242 42.92686005 42.49374409 39.07092453 163.7339507 173.8419836 344.0898419 18.41891395
jg3365 435 MSTRG.10998 MSTRG.10998_jg3365 627.6124492 2.88280018 0.504545314 5.713659606 1.11E-08 1.40E-07 193.9658121 90.72988602 121.7559043 407.3134699 1131.660679 1286.632591 1161.228802
jg33715 386 MSTRG.11304 MSTRG.11304_jg33715 19.58574367 -2.300070701 1.051446093 -2.187530789 0.028703798 0.05968142 23.84825559 53.97853979 29.98466301 10.10703399 10.12671749 9.05499584 0
jg33716 2111 MSTRG.11305 MSTRG.11305_jg33716 5.31616703 5.412415574 1.954986137 2.768518647 0.005631176 0.015042999 0 0 0 22.23547478 2.531679372 6.58545152 5.860563529
jg33717 344 MSTRG.11306 MSTRG.11306_jg33717 175.9568097 2.039524147 1.009711466 2.01990788 0.043392944 0.084543802 0 80.39356989 109.0351382 216.2905275 243.0412197 330.0957575 252.8414551
jg33721 88 MSTRG.11308 MSTRG.11308_jg33721 12.91347119 6.694334152 1.641209303 4.078903366 4.52E-05 0.000230133 0 0 0 49.52446657 16.03396936 16.4636288 8.372233613
jg33727 2115 MSTRG.11320 MSTRG.11320_jg33727 2194.232775 2.296090972 0.349802885 6.563956648 5.24E-11 1.07E-09 546.9199948 543.2308366 943.1539455 3381.813574 2409.314869 3473.825677 4061.370526
jg33738 378 MSTRG.11328 MSTRG.11328_jg33738 28.52074923 7.838944776 1.521356727 5.152601384 2.57E-07 2.36E-06 0 0 0 99.04893313 13.50228999 47.74452352 39.34949798
jg33747 179 MSTRG.11337 MSTRG.11337_jg33747 5.063265832 5.347456132 1.915500307 2.791675946 0.005243584 0.01414464 0 0 0 6.064220396 20.25343498 4.93908864 4.186116807
jg33748 399 MSTRG.11338 MSTRG.11338_jg33748 68.58477801 2.284135655 0.609158816 3.749655419 0.000177078 0.000759161 20.66848817 25.26655054 18.17252304 120.2737045 176.3736629 71.61678528 47.7217316
jg33760 1040 MSTRG.11354 MSTRG.11354_jg33760 101.0221802 3.96841076 0.986833575 4.021357664 5.79E-05 0.000286251 0 17.22719355 14.53801843 58.62079716 145.9935105 83.14132544 387.6344163
jg33761 104 MSTRG.11353 MSTRG.11353_jg33761 76.8991854 2.091310641 0.952161734 2.196381734 0.028064632 0.058591621 0 43.64222366 36.34504607 96.01682293 175.5297698 94.6658656 92.09456975
jg33762 136 MSTRG.11355 MSTRG.11355_jg33762 183.0689189 -4.094971667 0.447567112 -9.149402536 5.72E-20 5.00E-18 469.0156932 399.6708903 319.8364054 30.32110198 14.34618311 15.64044736 32.65171109
jg33767 1215 MSTRG.11362 MSTRG.11362_jg33767 555.7708732 5.31448211 0.967307046 5.494100483 3.93E-08 4.34E-07 0 27.56350968 43.61405528 1993.107103 626.1686981 331.7421203 868.2006257
jg33769 178 MSTRG.11363 MSTRG.11363_jg33769 29890.42603 -2.742766797 0.579985247 -4.729028562 2.26E-06 1.62E-05 117877.1577 32498.52639 24102.2173 9272.192985 9498.017112 6099.774471 9885.096227
jg33771 2130 MSTRG.11367 MSTRG.11367_jg33771 1521.192142 3.151691316 0.505812617 6.230946424 4.64E-10 7.82E-09 240.0724396 160.7871398 427.0542913 1596.911371 1660.781668 2518.112025 4044.626059
jg33774 781 MSTRG.11369 MSTRG.11369_jg33774 4449.736494 -2.274276504 0.362546505 -6.273061449 3.54E-10 6.12E-09 12159.43058 6492.355009 5767.050185 1371.524513 1679.347317 1736.089657 1942.358198
jg33777 205 MSTRG.11373 MSTRG.11373_jg33777 27.70453342 7.799266109 1.860316538 4.192440346 2.76E-05 0.000148261 0 0 0 4.042813597 15.19007623 16.4636288 158.2352153
jg33778 143 MSTRG.11374 MSTRG.11374_jg33778 9.061909249 6.187891752 1.896154427 3.263390189 0.001100878 0.003711286 0 0 0 4.042813597 7.595038117 6.58545152 45.21006151
jg33779 400 MSTRG.11376 MSTRG.11376_jg33779 816.0614801 2.729553097 0.388999665 7.016852048 2.27E-12 5.97E-11 139.9097661 228.5474344 210.8012672 1925.389976 947.6919784 1251.235789 1008.85415
jg33789 1283 MSTRG.11388 MSTRG.11388_jg33789 2750.169478 -5.429929189 0.427178832 -12.71113824 5.13E-37 2.66E-34 5494.638087 6894.322858 6284.058466 217.3012309 182.2809148 83.14132544 95.44346319
jg33797 1779 MSTRG.11397 MSTRG.11397_jg33797 1810.876502 3.633419992 0.6299209 5.768057533 8.02E-09 1.04E-07 255.9712766 223.9535161 242.6031825 683.2354979 2208.468306 3447.483871 5614.419861
jg33799 135 MSTRG.11398 MSTRG.11398_jg33799 54.93912902 2.677722505 0.887037863 3.01872402 0.002538417 0.00759604 25.43813929 9.187836559 6.360383062 170.8088745 113.9255718 34.57362048 24.27947748
jg33820 209 MSTRG.11418 MSTRG.11418_jg33820 431.2215698 2.014720544 0.57913534 3.478842344 0.000503585 0.001880029 213.0444166 127.4812323 132.6594182 197.0871629 917.3118259 923.6095757 507.357357
jg33822 173 MSTRG.11420 MSTRG.11420_jg33822 39.15103715 3.133400003 1.01182392 3.096783879 0.001956324 0.006070565 0 9.187836559 11.81213997 41.43883937 124.0522892 69.14724096 18.41891395
jg33823 159 MSTRG.11421 MSTRG.11421_jg33823 6.103776095 5.614881016 1.890269084 2.970413612 0.00297399 0.008703606 0 0 0 15.16055099 15.19007623 10.70135872 1.674446723
jg33827 109 MSTRG.11426 MSTRG.11426_jg33827 7.685052431 -6.792595242 1.852866951 -3.665991904 0.000246382 0.001007553 30.20779041 17.22719355 6.360383062 0 0 0 0
jg33835 488 MSTRG.11434 MSTRG.11434_jg33835 25.02544867 -2.469558415 0.673491794 -3.666798077 0.000245607 0.001005186 63.59534823 49.38462151 28.1674107 13.13914419 9.282824365 6.58545152 5.023340168
jg33845 78 MSTRG.11443 MSTRG.11443_jg33845 5.442582954 -6.297451468 1.945420853 -3.237063824 0.001207664 0.004021042 15.89883706 14.93023441 7.269009214 0 0 0 0
jg33846 80 MSTRG.11445 MSTRG.11445_jg33846 3.827745776 -5.012566104 2.017824494 -2.48414375 0.012986337 0.030526273 17.48872076 5.742397849 2.725878455 0 0 0 0.837223361
jg33847 122 MSTRG.11446 MSTRG.11446_jg33847 43.74392134 -6.751184668 1.222821968 -5.520987392 3.37E-08 3.78E-07 158.9883706 67.76029462 75.4159706 4.042813597 0 0 0
jg33848 372 MSTRG.11448 MSTRG.11448_jg33848 71.02042253 9.156683238 2.878888332 3.180631613 0.001469544 0.004746287 0 0 0 97.02752633 0 200.8562714 199.25916
jg33849 188 MSTRG.11449 MSTRG.11449_jg33849 24.23290023 3.778305333 0.82915137 4.556834215 5.19E-06 3.41E-05 0 4.59391828 3.634504607 36.38532238 29.53625934 46.92134208 48.55895496
jg33850 210 MSTRG.11450 MSTRG.11450_jg33850 33.10214519 -8.902792267 1.275895737 -6.977680079 3.00E-12 7.68E-11 106.5222083 64.31485591 60.87795217 0 0 0 0
jg33866 143 MSTRG.11466 MSTRG.11466_jg33866 44.00628104 2.777276258 1.174396038 2.364854927 0.018037135 0.040353608 0 8.039356989 21.80702764 16.17125439 59.07251869 28.8113504 174.1424592
jg33867 640 MSTRG.11467 MSTRG.11467_jg33867 893.8505706 2.762442171 0.569717138 4.848795988 1.24E-06 9.56E-06 149.4490683 267.5957398 205.3495103 499.2874793 1081.870985 1448.799334 2604.601877
jg33880 129 MSTRG.11480 MSTRG.11480_jg33880 68.29882564 4.589288834 1.067294362 4.299927926 1.71E-05 9.74E-05 0 0 13.62939228 147.5626963 107.1744268 122.6540346 87.07122958
jg33884 1434 MSTRG.11485 MSTRG.11485_jg33884 641.4458279 2.460528112 0.350276746 7.024526002 2.15E-12 5.68E-11 151.038952 152.7477828 233.516921 733.7706679 893.6828184 1007.574083 1317.789571
jg33887 160 MSTRG.11489 MSTRG.11489_jg33887 4.166508031 5.06755394 2.507741657 2.020763951 0.043304206 0.084403743 0 0 0 0 9.282824365 12.3477216 7.535010252
jg33888 90 MSTRG.11490 MSTRG.11490_jg33888 2.950144254 4.568782126 2.153250514 2.121807053 0.033853944 0.068549561 0 0 0 3.032110198 11.81450374 3.29272576 2.511670084
jg33894 202 MSTRG.11495 MSTRG.11495_jg33894 80.92721724 6.652732917 1.145306694 5.808691203 6.30E-09 8.28E-08 0 0 3.634504607 48.51376317 124.0522892 89.72677696 300.5631867
jg33895 100 MSTRG.11496 MSTRG.11496_jg33895 62.4885765 8.972639871 1.446308045 6.203823524 5.51E-10 9.06E-09 0 0 0 44.47094957 80.16984679 69.14724096 243.6319981
jg33900 102 MSTRG.11499 MSTRG.11499_jg33900 23.6128628 -2.492966173 1.151007564 -2.165899036 0.030318903 0.062430558 66.77511564 36.75134624 29.98466301 19.20336459 9.282824365 3.29272576 0
jg33909 103 MSTRG.11507 MSTRG.11507_jg33909 13.12978669 6.722324653 2.146791441 3.131335687 0.001740131 0.005485804 0 0 0 0 42.19465621 30.45771328 19.25613731
jg33910 330 MSTRG.11510 MSTRG.11510_jg33910 824.2642076 2.086754834 0.614556761 3.395544509 0.000684922 0.002453979 282.9992996 284.8229333 298.0293778 423.4847243 1970.490445 1961.641372 548.3813017
jg33919 146 MSTRG.11518 MSTRG.11518_jg33919 4.585359594 5.201524601 2.520433264 2.063742244 0.039042162 0.077308085 0 0 0 17.18195779 0 9.05499584 5.860563529
jg33930 270 MSTRG.11532 MSTRG.11532_jg33930 1721.055297 2.230849876 0.442210703 5.044766811 4.54E-07 3.91E-06 653.442203 496.1431742 510.6478973 2318.553598 1407.613731 2255.517146 4405.469327
jg33931 507 MSTRG.11533 MSTRG.11533_jg33931 944.3601526 3.157263125 1.209323616 2.610767775 0.009033922 0.022443287 165.3479054 179.1628129 168.0958381 4535.026153 1055.710298 501.317497 5.860563529
jg33932 83 MSTRG.11534 MSTRG.11534_jg33932 65.4958433 3.796673517 1.415963524 2.681335679 0.007332892 0.018824242 3.179767411 9.187836559 10.90351382 312.3073504 76.79427429 46.09816064 0
jg3394 434 MSTRG.11031 MSTRG.11031_jg3394 5634.454047 -2.695869201 0.399217304 -6.752886643 1.45E-11 3.30E-10 16793.94158 8506.788174 7409.846268 1575.6866 1940.110292 1234.77216 1980.03325
jg33946 138 MSTRG.11550 MSTRG.11550_jg33946 26.10005266 7.713049962 2.141526735 3.601659431 0.000316192 0.001251156 0 0 0 0 13.50228999 44.45179776 124.7462808
jg33950 155 MSTRG.11551 MSTRG.11551_jg33950 13.00923138 6.708862255 2.28547392 2.935435927 0.003330794 0.009590912 0 0 0 0 7.595038117 14.81726592 68.65231563
jg33951 687 MSTRG.11552 MSTRG.11552_jg33951 503.797631 3.178744524 0.739867724 4.29636869 1.74E-05 9.88E-05 82.6739527 81.54204946 105.4006336 184.9587221 390.7225165 707.112857 1974.172686
jg33963 144 MSTRG.11563 MSTRG.11563_jg33963 51.67931638 2.740173666 0.953376366 2.874178305 0.004050802 0.011330859 0 14.93023441 20.89840149 56.59939036 64.97977056 45.2749792 159.0724387
jg33968 269 MSTRG.11568 MSTRG.11568_jg33968 771.1959338 -3.335842398 0.520203236 -6.412575251 1.43E-10 2.68E-09 2934.925321 1024.443776 809.5859012 143.5198827 194.0954185 121.0076717 170.7935657
jg33981 324 MSTRG.11582 MSTRG.11582_jg33981 1418.690749 2.259268598 0.536370981 4.212138012 2.53E-05 0.000137227 381.5720894 412.3041656 550.627448 4149.948158 1632.089302 907.1459469 1897.148137
jg3399 109 MSTRG.11036 MSTRG.11036_jg3399 34.54266045 2.5196174 0.82957642 3.03723363 0.002387603 0.007199221 0 12.63327527 14.53801843 54.57798356 39.66297683 59.26906368 61.11730538
jg34003 177 MSTRG.11600 MSTRG.11600_jg34003 65.82395684 2.250346852 0.710856847 3.16568218 0.001547197 0.004958721 7.949418529 24.11807097 29.98466301 31.33180538 112.2377855 110.306313 144.8396415
jg34004 474 MSTRG.11603 MSTRG.11603_jg34004 523.6498843 2.110753898 0.509771683 4.140586789 3.46E-05 0.000181406 178.066975 178.0143333 186.2683611 282.9969518 1053.178619 664.3074221 1122.716528
jg34005 262 MSTRG.11604 MSTRG.11604_jg34005 9.197554411 6.206873119 1.578493753 3.932149309 8.42E-05 0.000398136 0 0 0 19.20336459 22.78511435 12.3477216 10.04668034
jg34012 625 MSTRG.11610 MSTRG.11610_jg34012 777.4500075 2.604075332 0.433843349 6.002340103 1.94E-09 2.84E-08 106.5222083 161.9356194 327.1054146 1304.818089 1070.900375 1312.151215 1158.717132
jg34015 88 MSTRG.11613 MSTRG.11613_jg34015 25.53374404 5.233923995 1.189869675 4.398737195 1.09E-05 6.57E-05 0 3.44543871 0 22.23547478 72.57480867 42.80543488 37.67505126
jg34029 115 MSTRG.11628 MSTRG.11628_jg34029 16166.17117 -2.395189436 0.623220019 -3.843248554 0.000121416 0.000547558 60987.93895 17013.57635 12279.17381 7774.330548 6017.801868 2858.08596 6232.290702
jg3403 665 MSTRG.11041 MSTRG.11041_jg3403 1510.547139 4.113773771 0.735710394 5.591566743 2.25E-08 2.64E-07 84.2638364 173.4204151 180.8166042 6010.653116 2376.403038 678.3015066 1069.971456
jg34036 94 MSTRG.11635 MSTRG.11635_jg34036 296.4631712 5.102720064 1.159977147 4.398983272 1.09E-05 6.56E-05 0 22.9695914 20.89840149 1048.099425 816.8885441 111.1294944 55.25674185
jg3404 134 MSTRG.11043 MSTRG.11043_jg3404 27.37424388 2.422053036 0.850979405 2.846194658 0.004424514 0.012211398 17.48872076 2.29695914 4.543130759 62.66361076 44.72633558 22.22589888 37.67505126
jg34046 624 MSTRG.11648 MSTRG.11648_jg34046 299.9780941 2.400413499 0.675340423 3.55437557 0.000378878 0.001461295 39.74709264 90.72988602 129.9335397 178.8945017 342.6206084 335.8580275 982.0630028
jg34048 83 MSTRG.11649 MSTRG.11649_jg34048 68.88323051 2.288930426 0.917235381 2.495466785 0.012579153 0.029736592 42.92686005 13.78175484 8.177635366 42.44954277 61.60419806 41.98225344 271.2603691
jg34049 96 MSTRG.11653 MSTRG.11653_jg34049 96.97876203 4.346337561 1.038209522 4.186378056 2.83E-05 0.000151895 0 8.039356989 15.44664458 46.49235637 60.76030494 162.9899251 385.1227462
jg34050 1222 MSTRG.11654 MSTRG.11654_jg34050 2498.489368 3.649495386 0.582219226 6.268249521 3.65E-10 6.30E-09 232.123021 257.2594237 496.1098789 2423.666752 2016.060674 3789.92735 8274.27848
jg34051 588 MSTRG.11651 MSTRG.11651_jg34051 1662.687586 -2.421578806 0.469105261 -5.162122463 2.44E-07 2.26E-06 1496.080567 3258.23654 4564.937786 450.7737161 859.9270935 490.6161383 518.2412607
jg34052 353 MSTRG.11652 MSTRG.11652_jg34052 182.2791847 -7.654221762 1.161123737 -6.592081033 4.34E-11 9.06E-10 419.7292983 453.6494301 394.3437499 0 0 8.2318144 0
jg34056 166 MSTRG.11657 MSTRG.11657_jg34056 178.5511655 2.835758857 0.497378766 5.701407157 1.19E-08 1.49E-07 42.92686005 33.30590753 42.70542913 118.2522977 351.0595396 331.7421203 329.8660044
jg3406 95 MSTRG.11042 MSTRG.11042_jg3406 24.25524764 3.689961336 1.331766775 2.77072638 0.005593141 0.014958677 7.949418529 0 1.817252304 8.085627195 11.81450374 31.28089472 108.839037
jg34063 459 MSTRG.11666 MSTRG.11666_jg34063 3404.223833 2.23127638 0.475060218 4.696828517 2.64E-06 1.87E-05 1602.602775 995.7317871 685.1041184 2619.743211 6454.094613 4427.892966 7044.397362
jg34065 531 MSTRG.11669 MSTRG.11669_jg34065 17.87874767 3.671135363 1.172114139 3.132063032 0.001735826 0.00547435 0 0 6.360383062 30.32110198 21.94122123 26.34180608 40.18672134
jg34075 145 MSTRG.11681 MSTRG.11681_jg34075 6.070883623 5.610221495 2.352565431 2.384724956 0.017091895 0.038569058 0 0 0 0 13.50228999 18.10999168 10.8839037
jg34090 243 MSTRG.11696 MSTRG.11696_jg34090 5.89326835 -6.414271227 1.859343002 -3.449751454 0.000561103 0.002064751 15.89883706 12.63327527 12.72076612 0 0 0 0
jg34093 188 MSTRG.11699 MSTRG.11699_jg34093 231.0818591 -2.098530283 0.526656594 -3.984627377 6.76E-05 0.000328349 747.2453417 259.5563828 227.1565379 106.1238569 93.67213678 70.79360384 113.0251538
jg34094 497 MSTRG.11700 MSTRG.11700_jg34094 130.9960483 -3.840236212 0.675504507 -5.684989773 1.31E-08 1.62E-07 224.1736025 313.5349226 300.7552562 39.41743257 13.50228999 21.40271744 4.186116807
jg34097 76 MSTRG.11704 MSTRG.11704_jg34097 142.4139218 -2.552992888 0.550750168 -4.635482724 3.56E-06 2.43E-05 492.8639488 174.5688946 145.3801843 35.37461898 50.63358745 41.98225344 56.09396521
jg34103 568 MSTRG.11712 MSTRG.11712_jg34103 109.7806386 3.32610526 1.11638289 2.979358865 0.002888523 0.008488572 0 27.56350968 25.44153225 36.38532238 118.1450374 98.7817728 462.1472955
jg34104 309 MSTRG.11711 MSTRG.11711_jg34104 714.7514063 2.757891449 0.75832585 3.636815824 0.000276029 0.001113341 89.03348752 271.0411785 139.0198012 506.3624031 2860.797691 389.3648211 747.6404617
jg34107 450 MSTRG.11718 MSTRG.11718_jg34107 669.4649929 2.203045576 0.471833688 4.669114636 3.03E-06 2.10E-05 98.57278975 204.4293634 351.6383207 745.8991087 1032.925184 1139.283113 1113.507071
jg34110 79 MSTRG.11723 MSTRG.11723_jg34110 68.45081302 2.389493682 0.501453763 4.765132619 1.89E-06 1.38E-05 28.6179067 14.93023441 17.26389688 91.97400934 151.9007623 79.02541824 95.44346319
jg34111 108 MSTRG.11724 MSTRG.11724_jg34111 11.3794466 2.604947533 0.940590103 2.769482183 0.005614547 0.015006581 1.589883706 2.29695914 4.543130759 11.11773739 24.4729006 21.40271744 14.23279714
jg34113 835 MSTRG.11725 MSTRG.11725_jg34113 2155.42816 2.182263134 0.333578598 6.54197585 6.07E-11 1.22E-09 456.2966235 683.3453441 997.6715146 3214.03681 3243.925169 3137.967649 3354.754009
jg34124 150 MSTRG.11738 MSTRG.11738_jg34124 9497.096813 -3.620492927 0.47764541 -7.579875895 3.46E-14 1.26E-12 32998.03631 14658.04475 12321.87924 1291.678944 2435.475556 1128.581754 1645.981128
jg34125 190 MSTRG.11739 MSTRG.11739_jg34125 30516.87028 -2.361416157 0.553915273 -4.263136028 2.02E-05 0.000112728 109320.4036 34083.4282 26206.59547 11750.43772 14955.47395 9097.801275 8203.951718
jg34126 105 MSTRG.11740 MSTRG.11740_jg34126 5.742116933 -2.461440923 1.223268787 -2.012183216 0.044200627 0.085950272 11.12918594 10.33631613 10.90351382 2.021406799 0 3.29272576 2.511670084
jg34130 157 MSTRG.11745 MSTRG.11745_jg34130 79.89276224 -2.206339151 0.566270056 -3.89626668 9.77E-05 0.000453753 144.6794172 176.8658538 112.6696428 15.16055099 18.56564873 46.09816064 45.21006151
jg34133 196 MSTRG.11744 MSTRG.11744_jg34133 15.36840205 6.946300245 1.617865155 4.293497652 1.76E-05 1.00E-04 0 0 0 52.55657676 23.62900748 24.6954432 6.697786891
jg34162 531 MSTRG.11777 MSTRG.11777_jg34162 739.1641235 2.311523881 0.40773082 5.66924002 1.43E-08 1.76E-07 203.5051143 212.4687204 262.5929579 1451.370081 1198.328236 1287.455772 558.427982
jg34164 94 MSTRG.11779 MSTRG.11779_jg34164 443.7519387 9.538559363 1.363480383 6.995743747 2.64E-12 6.84E-11 0 0 2.725878455 1931.454196 850.6442691 248.6007949 72.83843244
jg34165 152 MSTRG.11780 MSTRG.11780_jg34165 306.7330886 11.26719544 1.591092561 7.081420472 1.43E-12 3.90E-11 0 0 0 1344.235521 584.817935 172.8681024 45.21006151
jg34167 282 MSTRG.11782 MSTRG.11782_jg34167 3975.511841 -2.165848649 0.371078107 -5.836638191 5.33E-09 7.09E-08 6590.06796 6960.934673 7903.230268 1048.099425 1443.057242 2494.239763 1388.953556
jg34168 291 MSTRG.11783 MSTRG.11783_jg34168 11271.78297 -2.466624491 0.453873896 -5.434603125 5.49E-08 5.88E-07 35921.83245 15030.15213 12617.18274 3170.576564 5114.836225 3377.513448 3670.387216
jg34169 496 MSTRG.11784 MSTRG.11784_jg34169 2262.685848 -2.949123151 0.324939511 -9.075914296 1.13E-19 9.31E-18 3238.593109 4606.551555 5661.649552 511.4159201 542.6232788 763.9123764 514.0551439
jg34170 179 MSTRG.11785 MSTRG.11785_jg34170 177.0295731 -3.523860484 0.380555803 -9.259773347 2.05E-20 1.88E-18 278.2296485 421.4920022 410.6990206 31.33180538 21.94122123 39.51270912 36.00060454
jg34176 127 MSTRG.11792 MSTRG.11792_jg34176 89.198204 2.840080476 0.646642386 4.392041934 1.12E-05 6.75E-05 11.12918594 22.9695914 24.5329061 62.66361076 88.60877803 242.0153434 172.4680124
jg34178 574 MSTRG.11794 MSTRG.11794_jg34178 1872.261289 -4.354698138 0.426135913 -10.21903578 1.63E-24 2.56E-22 4761.701699 3917.463813 3625.418346 106.1238569 152.7446555 302.9307699 239.4458813
jg34179 993 MSTRG.11795 MSTRG.11795_jg34179 218.8084716 5.287473373 1.13163128 4.6724348 2.98E-06 2.07E-05 0 9.187836559 19.08114919 62.66361076 74.26259492 484.0306867 882.4334228
jg3419 533 MSTRG.11060 MSTRG.11060_jg3419 3673.547966 5.215476305 0.541471471 9.63204265 5.86E-22 6.45E-20 219.4039514 140.1145075 149.923315 1954.700374 6839.753771 6693.288289 9717.651555
jg34191 134 MSTRG.11805 MSTRG.11805_jg34191 26997.40196 -2.072633302 0.612997976 -3.38114216 0.000721852 0.002567619 98866.91824 25501.98885 19129.30637 14450.0265 13897.23197 7309.851187 9826.490592
jg34196 168 MSTRG.11809 MSTRG.11809_jg34196 1125.667829 -4.609953958 0.827628083 -5.570079183 2.55E-08 2.93E-07 2502.476953 2515.170258 2454.199236 50.53516997 230.3828229 118.5381274 8.372233613
jg34197 201 MSTRG.11811 MSTRG.11811_jg34197 13257.54762 -3.709283149 0.470376139 -7.885780847 3.13E-15 1.36E-13 48877.79476 20171.89517 15168.60498 1712.131558 2098.7622 2024.203161 2749.441519
jg34206 104 MSTRG.11819 MSTRG.11819_jg34206 12.59366749 2.996349005 1.243897095 2.408839941 0.016003315 0.036454758 0 4.59391828 2.725878455 7.074923795 48.10190807 17.28681024 8.372233613
jg3421 241 MSTRG.11061 MSTRG.11061_jg3421 19.72515928 -3.031007899 1.406492837 -2.155011258 0.031160953 0.063901749 50.87627858 42.49374409 25.44153225 0 13.50228999 5.76227008 0
jg34210 87 MSTRG.11823 MSTRG.11823_jg34210 54.4852945 5.757962147 1.053771396 5.464147316 4.65E-08 5.06E-07 0 0 4.543130759 155.6483235 97.8916024 83.96450688 39.34949798
jg34217 294 MSTRG.11830 MSTRG.11830_jg34217 4827.814365 -2.369811707 0.519424875 -4.562376234 5.06E-06 3.33E-05 16989.49728 5620.659015 4255.096269 1444.295158 2034.626322 1747.614197 1702.912317
jg34218 108 MSTRG.11831 MSTRG.11831_jg34218 648.533028 -2.216074765 0.586350652 -3.779436002 0.000157184 0.000683625 2281.483118 717.7997312 528.8204203 141.4984759 295.3625934 269.1803309 305.5865269
jg34227 281 MSTRG.11842 MSTRG.11842_jg34227 1443.126185 2.085693567 0.530811566 3.929254183 8.52E-05 0.000402516 736.1161557 431.8283183 349.8210684 3981.16069 1886.101132 1075.898142 1640.957788
jg3423 647 MSTRG.11063 MSTRG.11063_jg3423 141.1927254 -5.076492813 0.880870228 -5.763042785 8.26E-09 1.06E-07 387.9316242 339.9499527 222.6134072 21.22477139 6.751144993 9.87817728 0
jg34232 360 MSTRG.11848 MSTRG.11848_jg34232 19.02851842 7.254047945 1.571464446 4.616106945 3.91E-06 2.64E-05 0 0 0 73.78134815 25.31679372 13.17090304 20.93058403
jg34237 226 MSTRG.11853 MSTRG.11853_jg34237 90.85737424 -3.458803635 0.71747926 -4.820771592 1.43E-06 1.08E-05 356.1339501 124.0357935 87.22811057 14.14984759 18.56564873 6.58545152 29.30281765
jg34239 78 MSTRG.11855 MSTRG.11855_jg34239 74.95723097 9.233859831 1.483652406 6.223735284 4.85E-10 8.13E-09 0 0 0 261.7721804 97.04770927 140.7640262 25.11670084
jg34243 843 MSTRG.11859 MSTRG.11859_jg34243 970.9722454 2.856925093 0.473680665 6.031331458 1.63E-09 2.42E-08 108.112092 230.8443935 297.1207516 2246.793657 1048.959153 1717.979665 1146.996005
jg34244 754 MSTRG.11861 MSTRG.11861_jg34244 69.82880964 9.133005127 1.421075456 6.42682631 1.30E-10 2.46E-09 0 0 0 34.36391558 204.222136 153.9349293 96.28068655
jg34248 1265 MSTRG.11863 MSTRG.11863_jg34248 236.0735271 10.88987817 1.424367448 7.645413544 2.08E-14 7.86E-13 0 0 0 106.1238569 541.7793857 788.6078196 216.0036272
jg34249 821 MSTRG.11864 MSTRG.11864_jg34249 973.6140873 3.363651729 0.424838899 7.917475868 2.42E-15 1.08E-13 201.9152306 145.8569054 116.3041474 903.568839 2351.086244 1442.213883 1654.353362
jg34250 156 MSTRG.11866 MSTRG.11866_jg34250 9.482671763 2.946743082 1.370680178 2.149840006 0.031567872 0.064597368 0 0 5.451756911 9.096330594 16.87786248 12.3477216 22.60503076
jg34261 938 MSTRG.11877 MSTRG.11877_jg34261 260.1621375 4.020637534 1.115794055 3.603386769 0.000314098 0.001244915 0 34.4543871 45.43130759 314.3287572 65.82366368 307.8698586 1053.226989
jg34262 124 MSTRG.11878 MSTRG.11878_jg34262 16.82934215 5.367247091 1.697901399 3.161106466 0.00157171 0.005028704 0 0 1.817252304 14.14984759 2.531679372 18.93317312 80.37344269
jg34271 517 MSTRG.11887 MSTRG.11887_jg34271 80.83593409 -6.891446924 0.887443851 -7.765501916 8.13E-15 3.29E-13 117.6513942 230.8443935 210.8012672 4.042813597 0 0 2.511670084
jg34275 104 MSTRG.11891 MSTRG.11891_jg34275 1628.878355 -2.174418798 0.450224165 -4.829635922 1.37E-06 1.04E-05 5025.622394 2061.520828 1715.486175 756.0061427 620.2614462 535.8911175 687.3603796
jg34278 362 MSTRG.11892 MSTRG.11892_jg34278 4486.237624 15.13775024 2.70964229 5.586623113 2.32E-08 2.70E-07 0 0 0 6679.738766 22725.19794 1996.214992 2.511670084
jg34281 569 MSTRG.11898 MSTRG.11898_jg34281 116.3959343 3.859944331 1.12010877 3.446044201 0.000568857 0.002089193 0 19.52415269 19.98977534 508.3838099 156.9641211 35.39680192 74.51287916
jg3429 585 MSTRG.11069 MSTRG.11069_jg3429 483.1667058 3.608548537 0.811472265 4.446915429 8.71E-06 5.39E-05 30.20779041 95.3238043 69.96421369 130.3807385 470.8923633 684.0637767 1901.334254
jg34290 86 MSTRG.11908 MSTRG.11908_jg34290 22172.57018 -2.876287976 0.851763256 -3.37686318 0.000733175 0.00260143 96407.36815 20206.34955 14741.55069 13631.35675 3705.534708 1292.394861 5223.436551
jg34300 401 MSTRG.11917 MSTRG.11917_jg34300 43.21258523 5.583222918 1.053409162 5.300146531 1.16E-07 1.15E-06 0 4.59391828 0 46.49235637 64.13587743 65.03133376 122.2346108
jg34301 125 MSTRG.11918 MSTRG.11918_jg34301 13.09698933 6.718776799 2.140961264 3.13820568 0.001699856 0.005376316 0 0 0 0 20.25343498 33.75043904 37.67505126
jg34302 813 MSTRG.11919 MSTRG.11919_jg34302 301.2141792 4.726099283 0.729847949 6.475457378 9.45E-11 1.84E-09 6.359534823 21.82111183 29.07603686 203.1513833 347.6839671 1122.819484 377.587736
jg3431 210 MSTRG.11072 MSTRG.11072_jg3431 9931.865899 -2.184664406 0.483702885 -4.516542021 6.29E-06 4.04E-05 23679.72791 15699.71572 14377.1916 7242.700559 2248.975176 3400.562529 2874.187799
jg34318 130 MSTRG.11934 MSTRG.11934_jg34318 23.52910407 7.564300192 1.540429168 4.910514776 9.08E-07 7.25E-06 0 0 0 10.10703399 71.73091555 50.21406784 32.65171109
jg34320 759 MSTRG.11936 MSTRG.11936_jg34320 2234.225153 2.710813837 0.610703914 4.438834882 9.04E-06 5.58E-05 726.5768535 492.6977355 388.891993 1469.562743 7613.603766 2979.093631 1969.149346
jg34326 424 MSTRG.11942 MSTRG.11942_jg34326 406.9435467 2.812700809 0.365206787 7.701666313 1.34E-14 5.24E-13 87.44360381 86.13596774 100.8575028 497.2660725 586.5057213 531.7752103 958.6207487
jg34327 91 MSTRG.11943 MSTRG.11943_jg34327 16.70532749 3.096445604 1.014285524 3.052834267 0.002266911 0.006878784 0 3.44543871 5.451756911 16.17125439 19.40954185 22.22589888 50.23340168
jg34336 247 MSTRG.11953 MSTRG.11953_jg34336 13.10966583 -4.261197593 1.672363206 -2.548009653 0.010833947 0.026217298 46.10662747 20.67263226 19.08114919 0 5.907251869 0 0
jg3435 503 MSTRG.11076 MSTRG.11076_jg3435 1075.361684 -3.585404634 0.45823446 -7.824388929 5.10E-15 2.14E-13 3701.249267 1792.776609 1281.162874 191.0229425 241.3534335 187.6853683 132.2812911
jg34350 161 MSTRG.11968 MSTRG.11968_jg34350 9.542814477 2.471400082 1.245426969 1.984379769 0.04721352 0.090920665 0 1.14847957 6.360383062 5.053516997 16.03396936 18.10999168 20.09336067
jg34351 540 MSTRG.11969 MSTRG.11969_jg34351 5207.104058 3.667168561 0.388147639 9.447870325 3.46E-21 3.50E-19 624.8242963 732.7299656 674.2006046 4437.998626 10756.26176 11029.80812 8193.905037
jg34359 1125 MSTRG.11974 MSTRG.11974_jg34359 1651.081421 2.215444357 0.634335853 3.492541604 0.000478447 0.00179673 209.8646492 620.1789677 775.9667336 851.0122622 2645.604944 4371.093447 2083.848946
jg34367 414 MSTRG.11984 MSTRG.11984_jg34367 129.597633 7.181884504 1.073573847 6.68969771 2.24E-11 4.89E-10 0 4.59391828 0 147.5626963 323.2110665 354.7912007 77.02454924
jg34370 419 MSTRG.11987 MSTRG.11987_jg34370 58.7250156 2.748929656 1.049659942 2.618876406 0.00882199 0.022009357 0 6.890877419 33.61916762 97.02752633 154.4324417 36.21998336 82.88511277
jg34374 303 MSTRG.11992 MSTRG.11992_jg34374 130.5071081 3.757104504 0.924091892 4.065726077 4.79E-05 0.000242098 0 21.82111183 25.44153225 361.831817 292.8309141 109.4831315 102.1412501
jg34375 114 MSTRG.11991 MSTRG.11991_jg34375 13.95095804 6.806474659 1.62056517 4.200062289 2.67E-05 0.000143846 0 0 0 46.49235637 27.8484731 7.40863296 15.90724387
jg34385 542 MSTRG.12006 MSTRG.12006_jg34385 4156.870186 -4.854413929 0.962401997 -5.044060529 4.56E-07 3.93E-06 7480.402835 9706.949325 10628.2001 1009.692696 174.6858767 37.0431648 61.11730538
jg34386 97 MSTRG.12007 MSTRG.12007_jg34386 114.8924002 -5.090218182 0.8476708 -6.004946948 1.91E-09 2.80E-08 208.2747654 261.8533419 303.4811347 17.18195779 7.595038117 0 5.860563529
jg3439 636 MSTRG.11080 MSTRG.11080_jg3439 2150.699529 2.943270991 0.324418371 9.072454755 1.16E-19 9.58E-18 300.4880204 554.7156323 480.6632343 4003.396165 3632.116006 3371.751178 2711.766467
jg34397 501 MSTRG.12018 MSTRG.12018_jg34397 31.44511532 2.228065203 1.050768615 2.120414685 0.033971089 0.068749707 0 17.22719355 12.72076612 24.25688158 20.25343498 50.21406784 95.44346319
jg34419 118 MSTRG.12041 MSTRG.12041_jg34419 134.8698495 6.021961158 1.075739668 5.597972575 2.17E-08 2.55E-07 0 0 9.994887669 78.83486515 203.3782429 214.8503558 437.0305946
jg34423 97 MSTRG.12047 MSTRG.12047_jg34423 96.08141615 2.126344112 0.878170136 2.421335028 0.015463618 0.035413253 3.179767411 35.60286667 59.06069986 83.88838214 74.26259492 119.3613088 297.2142933
jg34425 515 MSTRG.12050 MSTRG.12050_jg34425 449.7001679 3.345538614 0.384137549 8.709220487 3.06E-18 2.09E-16 52.46616229 68.90877419 93.58849363 489.1804453 773.8499948 953.2441076 716.6631973
jg34429 1628 MSTRG.12054 MSTRG.12054_jg34429 597.3952236 2.058822155 0.586765098 3.508767244 0.000450189 0.001701827 128.7805802 206.7263226 301.6638824 340.6070456 619.4175531 977.9395508 1606.63163
jg34432 396 MSTRG.12058 MSTRG.12058_jg34432 7.598930899 5.931807928 2.296139692 2.583382862 0.009783668 0.024033725 0 0 0 19.20336459 0 19.75635456 14.23279714
jg34443 875 MSTRG.12069 MSTRG.12069_jg34443 789.6572405 2.734852382 0.512423591 5.337093045 9.44E-08 9.55E-07 93.80313864 138.966028 325.2881623 1526.162133 815.2007579 1071.782235 1556.398229
jg34448 193 MSTRG.12077 MSTRG.12077_jg34448 34.99493818 3.237792281 0.867767788 3.731173622 0.00019059 0.000809582 0 9.187836559 8.177635366 100.0596365 36.28740434 49.3908864 41.86116807
jg34462 1180 MSTRG.12089 MSTRG.12089_jg34462 1128.607864 3.144600788 0.493001784 6.378477498 1.79E-10 3.29E-09 112.8817431 195.2415269 308.0242654 2898.697349 1143.475183 1852.981422 1388.953556
jg34466 88 MSTRG.12093 MSTRG.12093_jg34466 1729.120401 -2.102578243 0.533898134 -3.938163682 8.21E-05 0.000389638 5836.463084 1854.794505 1545.573084 766.1131767 779.7572467 490.6161383 830.5255744
jg34471 611 MSTRG.12099 MSTRG.12099_jg34471 22.42420602 -3.336991015 0.681403311 -4.89723334 9.72E-07 7.71E-06 54.05604599 35.60286667 49.0658122 4.042813597 6.751144993 4.93908864 2.511670084
jg34478 612 MSTRG.12106 MSTRG.12106_jg34478 416.9258352 2.230773023 0.759351434 2.937734656 0.003306199 0.009528307 127.1906965 145.8569054 129.0249136 385.0779951 1416.896555 621.5019872 92.93179311
jg34479 165 MSTRG.12108 MSTRG.12108_jg34479 24.57879611 2.916100871 1.074369348 2.714244293 0.006642716 0.017318777 0 6.890877419 8.177635366 26.27828838 85.23320554 33.75043904 11.72112706
jg34482 617 MSTRG.12112 MSTRG.12112_jg34482 2640.99673 -2.524020721 0.390558275 -6.462596963 1.03E-10 1.99E-09 4589.994258 5033.785955 5384.518575 581.1544546 574.6912175 1057.78815 1265.044499
jg34485 351 MSTRG.12115 MSTRG.12115_jg34485 9.294932545 -7.072066651 1.719136996 -4.113730707 3.89E-05 0.000201517 28.6179067 9.187836559 27.25878455 0 0 0 0
jg34486 134 MSTRG.12119 MSTRG.12119_jg34486 39.73419804 2.422063496 0.915214009 2.646444954 0.008134274 0.020563538 3.179767411 5.742397849 24.5329061 25.26758498 35.44351121 61.738608 122.2346108
jg34500 698 MSTRG.12130 MSTRG.12130_jg34500 1191.643729 2.112355542 0.463746889 4.554975125 5.24E-06 3.44E-05 222.5837188 414.6011247 594.2415033 2761.241687 1585.67518 1256.998059 1506.164827
jg34506 196 MSTRG.12138 MSTRG.12138_jg34506 6.638537934 5.737882131 2.3697144 2.421339099 0.015463445 0.035413253 0 0 0 8.085627195 21.0973281 17.28681024 0
jg34507 497 MSTRG.12139 MSTRG.12139_jg34507 32.10325688 8.012013399 1.476021191 5.428115428 5.70E-08 6.07E-07 0 0 0 28.29969518 104.6427474 67.50087808 24.27947748
jg34509 1119 MSTRG.12141 MSTRG.12141_jg34509 129.6186837 2.635477314 0.991799368 2.657268595 0.007877665 0.020032787 15.89883706 37.89982581 43.61405528 9.096330594 102.9549611 267.533968 430.3328077
jg34510 539 MSTRG.12143 MSTRG.12143_jg34510 9060.922519 2.10342849 0.893850155 2.353222716 0.018611483 0.041465705 3248.132411 3401.796486 2774.944267 22032.3234 13440.68579 18111.63804 416.9372339
jg34513 99 MSTRG.12148 MSTRG.12148_jg34513 7.568827065 5.927213419 2.412375571 2.457002752 0.014010161 0.032576199 0 0 0 7.074923795 0 8.2318144 37.67505126
jg34514 94 MSTRG.12149 MSTRG.12149_jg34514 22.00633431 -3.69445262 1.079235452 -3.423212807 0.000618856 0.002249181 84.2638364 35.60286667 19.98977534 0 6.751144993 5.76227008 1.674446723
jg34526 519 MSTRG.12161 MSTRG.12161_jg34526 74.12321006 2.53849782 1.16458776 2.179739396 0.029276785 0.060642029 0 16.07871398 42.70542913 18.19266119 66.66755681 237.0762547 138.1418546
jg34529 508 MSTRG.12164 MSTRG.12164_jg34529 1049.867049 3.933958658 0.500964951 7.852762254 4.07E-15 1.74E-13 49.28639488 122.887314 169.9130904 2626.818135 1180.606481 1588.740179 1610.817747
jg34533 85 MSTRG.12169 MSTRG.12169_jg34533 6.750036421 -3.471928948 1.327869512 -2.614661242 0.008931599 0.022235036 11.12918594 22.9695914 8.177635366 0 0.843893124 3.29272576 0.837223361
jg34537 96 MSTRG.12172 MSTRG.12172_jg34537 15.75831866 -2.96853866 1.44477722 -2.054668788 0.039911007 0.078714102 44.51674376 28.71198925 20.89840149 11.11773739 5.063358745 0 0
jg34539 642 MSTRG.12175 MSTRG.12175_jg34539 1764.024801 2.107555299 0.52131217 4.042789367 5.28E-05 0.000264474 327.5160434 629.3668043 872.2811057 4437.998626 1963.7393 2710.736482 1406.535247
jg34541 476 MSTRG.12176 MSTRG.12176_jg34541 101.1621481 2.235633093 0.409950945 5.453416126 4.94E-08 5.35E-07 28.6179067 25.26655054 42.70542913 116.2308909 187.3442736 154.7581107 153.2118751
jg34564 523 MSTRG.12200 MSTRG.12200_jg34564 3.883200115 4.966557986 1.927372392 2.576854377 0.009970395 0.024426532 0 0 0 3.032110198 6.751144993 10.70135872 6.697786891
jg34570 558 MSTRG.12205 MSTRG.12205_jg34570 269.5558178 2.319323188 0.601039272 3.85885465 0.00011392 0.000517889 31.79767411 73.50269247 139.9284274 521.522954 436.2927452 500.4943155 183.3519161
jg34571 146 MSTRG.12207 MSTRG.12207_jg34571 32.52395994 2.086510953 0.946731634 2.203909616 0.027530701 0.057629042 0 17.22719355 16.35527073 58.62079716 31.22404559 73.26314816 30.97726437
jg34574 366 MSTRG.12212 MSTRG.12212_jg34574 548.8761578 3.51060523 0.800991062 4.382826974 1.17E-05 7.00E-05 25.43813929 114.847957 96.31437209 1346.256928 1084.402664 1065.196783 109.6762603
jg34575 788 MSTRG.12213 MSTRG.12213_jg34575 1163.86167 2.851243855 0.356540707 7.996965835 1.28E-15 5.99E-14 214.6343003 292.8622903 258.9584533 1311.893012 1560.358386 2706.620575 1801.704674
jg34583 143 MSTRG.12222 MSTRG.12222_jg34583 8.50610817 -6.947962068 1.996237032 -3.480529594 0.000500424 0.001870783 3.179767411 43.64222366 12.72076612 0 0 0 0
jg34584 313 MSTRG.12223 MSTRG.12223_jg34584 49.74508179 -9.495285095 1.212382124 -7.831924366 4.80E-15 2.03E-13 82.6739527 122.887314 142.6543058 0 0 0 0
jg34587 124 MSTRG.12226 MSTRG.12226_jg34587 5.990112646 -2.587238831 1.196802297 -2.161793003 0.030634135 0.062967489 12.71906965 12.63327527 9.086261518 0 1.687786248 3.29272576 2.511670084
jg3459 200 MSTRG.11101 MSTRG.11101_jg3459 11.75066458 6.56165503 2.912088105 2.253247427 0.024243553 0.051809108 0 0 0 0 26.16068685 0 56.09396521
jg34594 142 MSTRG.12232 MSTRG.12232_jg34594 19.00240197 7.255172028 1.773891388 4.089975337 4.31E-05 0.000220839 0 0 0 17.18195779 43.03854933 2.46954432 70.32676235
jg34604 99 MSTRG.12243 MSTRG.12243_jg34604 11.26781074 6.501094606 2.219791118 2.928696558 0.003403865 0.00977136 0 0 0 13.13914419 28.69236622 37.0431648 0
jg34614 423 MSTRG.12252 MSTRG.12252_jg34614 2959.021203 -2.791960055 0.539579852 -5.174322293 2.29E-07 2.13E-06 6680.691331 5525.335211 5163.72242 268.8471042 733.3431249 1452.915242 888.2939864
jg34615 1155 MSTRG.12254 MSTRG.12254_jg34615 1164.720682 2.452235259 0.491618231 4.98808853 6.10E-07 5.09E-06 333.8755782 361.7710645 287.125864 2856.247806 1934.20304 1692.461041 687.3603796
jg34629 632 MSTRG.12266 MSTRG.12266_jg34629 1612.016477 4.823412767 1.002711321 4.810370307 1.51E-06 1.13E-05 44.51674376 104.5116409 141.7456797 8808.280125 759.5038117 1142.575839 282.9814961
jg34635 491 MSTRG.12271 MSTRG.12271_jg34635 2251.372895 2.995369178 0.581287931 5.152987045 2.56E-07 2.36E-06 750.4251091 333.0590753 272.5878455 2755.177467 5302.180499 4955.552269 1390.628003
jg3464 553 MSTRG.11106 MSTRG.11106_jg3464 2421.138121 3.254373423 0.666850191 4.880216678 1.06E-06 8.32E-06 238.4825559 421.4920022 574.2517279 8047.220465 3800.894631 2886.074129 979.5513328
jg3465 342 MSTRG.11107 MSTRG.11107_jg3465 4.011417121 -5.865283965 3.02749961 -1.937335994 0.052704285 0.099718074 0 12.63327527 15.44664458 0 0 0 0
jg34654 456 MSTRG.12288 MSTRG.12288_jg34654 925.6167459 -2.143489357 0.340714633 -6.291157325 3.15E-10 5.50E-09 1861.753819 1603.27748 1512.862543 264.8042906 312.2404559 387.7184583 536.6601746
jg34655 127 MSTRG.12289 MSTRG.12289_jg34655 48.08502613 -2.464943675 0.631814846 -3.901370296 9.56E-05 0.000445876 130.3704639 83.8390086 57.24344756 10.10703399 9.282824365 17.28681024 28.46559429
jg34664 291 MSTRG.12298 MSTRG.12298_jg34664 25205.52929 -2.074089964 0.533510162 -3.887629723 0.000101228 0.000467815 83618.34362 29078.35423 21310.00914 9516.783208 15001.88807 8092.696737 9820.630028
jg34669 135 MSTRG.12304 MSTRG.12304_jg34669 10521.53189 -2.225563507 0.523910532 -4.247983902 2.16E-05 0.000119471 35638.83315 12548.28778 9125.332442 3475.80899 5405.979353 3229.340789 4227.140751
jg34673 291 MSTRG.12307 MSTRG.12307_jg34673 14061.67582 -2.00898754 0.527065354 -3.811647879 0.000138043 0.00061135 45775.93165 15982.24169 12181.04219 5459.819763 8682.816354 4704.48193 5645.397125
jg34677 428 MSTRG.12311 MSTRG.12311_jg34677 15.6554036 -4.234402506 1.28000191 -3.308122022 0.000939239 0.003228303 57.23581341 24.11807097 20.89840149 4.042813597 0 3.29272576 0
jg34682 715 MSTRG.12316 MSTRG.12316_jg34682 2887.116344 2.20002219 0.816020378 2.696038298 0.00701696 0.018146179 772.683481 998.0287462 1064.90985 12301.27107 1877.662201 2380.640725 814.6183306
jg34688 1157 MSTRG.12323 MSTRG.12323_jg34688 1498.328742 9.181674546 1.089420173 8.428037939 3.52E-17 2.07E-15 0 5.742397849 7.269009214 337.5749354 1124.909534 1319.559848 7693.245467
jg34689 586 MSTRG.12324 MSTRG.12324_jg34689 416.3795174 2.035395672 0.401498667 5.069495468 3.99E-07 3.49E-06 82.6739527 143.5599462 222.6134072 582.165158 559.5011413 609.1542656 714.9887506
jg3470 336 MSTRG.11113 MSTRG.11113_jg3470 46431.67031 -4.509249698 0.929604128 -4.850720392 1.23E-06 9.48E-06 124206.4847 101452.0913 81385.64441 13714.23443 2409.314869 1405.170718 448.7517217
jg34713 193 MSTRG.12352 MSTRG.12352_jg34713 63.0122931 4.418588929 1.568875462 2.816405148 0.004856438 0.013235743 0 0 14.53801843 43.46024617 69.19923618 4.1159072 309.7726437
jg34722 429 MSTRG.12364 MSTRG.12364_jg34722 192.8750396 3.011258078 0.385483269 7.811644031 5.64E-15 2.36E-13 27.028023 35.60286667 50.8830645 302.2003164 397.4736615 278.2353267 258.7020187
jg34727 100 MSTRG.12368 MSTRG.12368_jg34727 940.4882706 -3.906296548 0.443625397 -8.805394316 1.30E-18 9.53E-17 3254.491946 1549.29894 1242.091949 143.5198827 171.3103042 97.95859136 124.7462808
jg34737 847 MSTRG.12379 MSTRG.12379_jg34737 403.8920753 7.110810879 1.165042987 6.103475116 1.04E-09 1.62E-08 0 0 14.53801843 385.0779951 562.8767138 1653.771513 210.9802871
jg34738 265 MSTRG.12378 MSTRG.12378_jg34738 21.77103749 4.22381688 1.417719646 2.979303342 0.002889046 0.008488581 0 0 5.451756911 11.11773739 22.78511435 97.13540992 15.90724387
jg34743 337 MSTRG.12384 MSTRG.12384_jg34743 138.3213343 2.51642187 0.43068728 5.842805176 5.13E-09 6.86E-08 31.79767411 28.71198925 50.8830645 218.3119343 144.3057242 278.2353267 216.0036272
jg34744 455 MSTRG.12385 MSTRG.12385_jg34744 8237.05457 -2.07070719 0.33045523 -6.266226114 3.70E-10 6.37E-09 19019.77877 12559.77258 12188.3112 4652.267747 3045.610285 3492.75885 2700.882564
jg34752 1145 MSTRG.12397 MSTRG.12397_jg34752 233.3198277 2.767044759 0.500294719 5.530829433 3.19E-08 3.59E-07 25.43813929 65.46333548 69.96421369 240.547409 544.3110651 383.6025511 303.9120802
jg34756 333 MSTRG.12395 MSTRG.12395_jg34756 148.2079308 -6.418608433 0.616940089 -10.40394124 2.38E-25 4.16E-23 311.6172063 374.4043398 335.28305 6.064220396 5.063358745 0 5.023340168
jg34759 781 MSTRG.12401 MSTRG.12401_jg34759 1492.633098 2.864373003 0.508892908 5.628636115 1.82E-08 2.18E-07 108.112092 346.8408301 518.8255327 2192.215673 2296.233191 2520.581569 2465.622799
jg3476 121 MSTRG.11119 MSTRG.11119_jg3476 5.789981036 5.54125584 1.733680469 3.196238256 0.001392321 0.004529979 0 0 0 8.085627195 9.282824365 16.4636288 6.697786891
jg34764 260 MSTRG.12405 MSTRG.12405_jg34764 1362.147467 -2.716229224 0.354595344 -7.660081459 1.86E-14 7.09E-13 3675.811128 2275.138028 1976.26188 373.9602577 495.3652639 437.9325261 300.5631867
jg3477 1153 MSTRG.11122 MSTRG.11122_jg3477 378.5171473 3.653577395 0.727454994 5.022410219 5.10E-07 4.33E-06 4.769651117 49.38462151 93.58849363 629.6682178 610.1347287 763.0891949 498.9851234
jg34774 147 MSTRG.12415 MSTRG.12415_jg34774 53.23239239 8.741754121 1.382659924 6.322418095 2.58E-10 4.60E-09 0 0 0 35.37461898 91.98435053 100.4281357 144.8396415
jg34776 101 MSTRG.12417 MSTRG.12417_jg34776 43.34196252 -2.090252899 0.646116502 -3.235102174 0.001215992 0.004045634 135.140115 47.08766237 49.0658122 20.21406799 18.56564873 9.87817728 23.44225412
jg34798 2148 MSTRG.12439 MSTRG.12439_jg34798 782.3893459 3.270354982 0.550752302 5.937977869 2.89E-09 4.06E-08 85.85372011 68.90877419 238.9686779 1116.827256 724.9041936 1745.144653 1496.118147
jg3480 113 MSTRG.11123 MSTRG.11123_jg3480 3.973555471 4.997289997 1.959110225 2.550795731 0.01074773 0.026059132 0 0 0 7.074923795 2.531679372 12.3477216 5.860563529
jg34805 398 MSTRG.12446 MSTRG.12446_jg34805 494.9851017 2.02162529 0.258315671 7.826181354 5.03E-15 2.11E-13 165.3479054 190.6476086 183.5424827 868.19422 622.7931256 675.0087808 759.3615887
jg3481 375 MSTRG.11124 MSTRG.11124_jg3481 3019.26943 11.73900579 2.061286504 5.694989883 1.23E-08 1.54E-07 0 4.59391828 0 7257.86111 9422.910624 4436.12478 13.39557378
jg34819 1207 MSTRG.12460 MSTRG.12460_jg34819 201.3965693 2.610032624 1.022979798 2.551401924 0.010729052 0.026020028 0 105.6601204 48.15718604 165.7553575 308.0209903 330.9189389 451.2633918
jg34835 462 MSTRG.12479 MSTRG.12479_jg34835 132.4456937 -2.31186332 0.315219964 -7.334127219 2.23E-13 7.17E-12 240.0724396 238.8837505 251.689444 55.58868696 37.13129746 52.68361216 51.07062504
jg34869 259 MSTRG.12517 MSTRG.12517_jg34869 1887.613057 -2.071592274 0.325417671 -6.365948935 1.94E-10 3.55E-09 4225.91089 3169.803613 2635.924466 895.4832118 665.8316749 619.8556243 1000.481917
jg3487 534 MSTRG.11130 MSTRG.11130_jg3487 176.2314196 -5.047123624 0.458075159 -11.01811247 3.13E-28 6.57E-26 303.6677878 441.0161548 440.6836836 18.19266119 7.595038117 8.2318144 14.23279714
jg3488 567 MSTRG.11131 MSTRG.11131_jg3488 968.5894139 3.306115888 0.391793357 8.438417415 3.22E-17 1.91E-15 205.094998 136.6690688 137.2025489 2357.971031 1328.287777 1555.812922 1059.087552
jg3495 327 MSTRG.11138 MSTRG.11138_jg3495 41182.91747 -2.158413765 0.568972289 -3.793530557 0.00014852 0.000650843 121888.4343 54037.11224 46056.44238 9070.052305 23133.64221 25493.10602 8601.632814
jg3511 158 MSTRG.11155 MSTRG.11155_jg3511 348.1845295 -4.74368693 0.8855618 -5.35669778 8.48E-08 8.69E-07 707.498249 760.2934753 854.1085827 9.096330594 10.12671749 6.58545152 89.58289966
jg3516 120 MSTRG.11160 MSTRG.11160_jg3516 7.818584627 5.975948004 1.763025345 3.389598465 0.000699951 0.002498885 0 0 0 4.042813597 10.12671749 27.16498752 13.39557378
jg3517 273 MSTRG.11161 MSTRG.11161_jg3517 1195.856934 4.903697512 1.11319628 4.405060994 1.06E-05 6.42E-05 84.2638364 72.3542129 48.15718604 2752.145356 4518.203787 880.8041408 15.0700205
jg3521 474 MSTRG.11164 MSTRG.11164_jg3521 17.53779803 -4.730698415 1.631751095 -2.899154429 0.003741706 0.010584476 65.18523193 16.07871398 35.43641992 6.064220396 0 0 0
jg3529 673 MSTRG.11175 MSTRG.11175_jg3529 2296.581189 2.832603245 0.860093564 3.2933664 0.000989954 0.003378501 395.8810427 550.121714 585.1552417 401.2492495 1016.891215 4813.14188 8313.627978
jg3532 548 MSTRG.11178 MSTRG.11178_jg3532 34.560626 -3.52401121 1.363008739 -2.585464868 0.009724778 0.023914472 101.7525572 45.9391828 69.05558753 10.10703399 0 0 15.0700205
jg3533 95 MSTRG.11179 MSTRG.11179_jg3533 11.56085406 -3.159839256 0.983986382 -3.211263199 0.001321528 0.004335796 42.92686005 10.33631613 17.26389688 2.021406799 4.219465621 1.64636288 2.511670084
jg3534 107 MSTRG.11177 MSTRG.11177_jg3534 8.49295012 -4.100535634 1.54569893 -2.652868262 0.007981101 0.020235893 39.74709264 4.59391828 10.90351382 0 2.531679372 0 1.674446723
jg3535 294 MSTRG.11180 MSTRG.11180_jg3535 8.374323208 -3.067401122 1.489361977 -2.059540373 0.039442502 0.077938425 27.028023 12.63327527 10.90351382 3.032110198 0 0 5.023340168
jg3547 350 MSTRG.11193 MSTRG.11193_jg3547 4109.95639 -2.079401061 0.289125673 -7.192031881 6.38E-13 1.86E-11 8345.299571 6811.632329 6712.930009 2144.712613 1423.6477 1364.834828 1966.637676
jg3562 270 MSTRG.11207 MSTRG.11207_jg3562 17.78699443 7.160062161 2.123461854 3.371881698 0.000746565 0.002643011 0 0 0 0 64.13587743 43.62861632 16.74446723
jg3563 571 MSTRG.11208 MSTRG.11208_jg3563 306.0865119 5.726714946 0.505562228 11.32741852 9.60E-30 2.25E-27 6.359534823 8.039356989 14.53801843 426.5168345 642.2026675 681.5942323 363.3549388
jg3570 380 MSTRG.11215 MSTRG.11215_jg3570 19.84012063 3.656646408 1.287624244 2.839839669 0.004513621 0.012418554 0 0 7.269009214 36.38532238 15.19007623 19.75635456 60.28008202
jg3577 154 MSTRG.11223 MSTRG.11223_jg3577 42.94706387 2.567925073 1.22136892 2.102497476 0.03550972 0.071330368 0 11.4847957 21.80702764 74.79205155 21.0973281 10.70135872 160.7468854
jg3582 343 MSTRG.11227 MSTRG.11227_jg3582 51.28528103 8.686115917 1.595333044 5.44470382 5.19E-08 5.58E-07 0 0 0 196.0764595 82.70152616 9.05499584 71.16398571
jg3589 449 MSTRG.11232 MSTRG.11232_jg3589 222.329287 -3.320995219 0.512882144 -6.475162486 9.47E-11 1.84E-09 408.6001124 434.1252774 530.6376726 27.28899178 21.94122123 63.38497088 70.32676235
jg3609 996 MSTRG.11255 MSTRG.11255_jg3609 233.4245068 4.194276012 0.911483816 4.601591316 4.19E-06 2.81E-05 0 16.07871398 47.24855989 268.8471042 263.2946547 421.4688973 617.0336173
jg3610 228 MSTRG.11254 MSTRG.11254_jg3610 987.8932264 -2.880878109 0.340878655 -8.451330314 2.88E-17 1.72E-15 2221.067537 1919.109361 1714.577548 396.1957325 219.4122123 226.374896 218.5152973
jg3611 137 MSTRG.11257 MSTRG.11257_jg3611 649.5787741 -3.232106315 0.42135891 -7.670672758 1.71E-14 6.54E-13 1523.10859 1377.027004 1081.265121 238.5260022 117.3011443 116.8917645 92.93179311
jg3612 376 MSTRG.11259 MSTRG.11259_jg3612 3788.12944 -2.859309999 0.379219252 -7.539991673 4.70E-14 1.67E-12 8121.125969 7322.705738 6956.441818 1671.703422 885.2438872 837.998706 721.6865375
jg3616 1751 MSTRG.11265 MSTRG.11265_jg3616 2160.233432 2.784002982 0.364662183 7.634471323 2.27E-14 8.50E-13 311.6172063 469.7281441 701.4593892 2755.177467 3216.920589 4057.461318 3609.269911
jg3622 168 MSTRG.11269 MSTRG.11269_jg3622 3.86852268 -5.798136327 2.40176559 -2.414114164 0.015773519 0.036011651 20.66848817 4.59391828 1.817252304 0 0 0 0
jg3636 437 MSTRG.11283 MSTRG.11283_jg3636 8.139682784 4.280818371 1.585454126 2.700058173 0.006932735 0.017970458 0 0 1.817252304 10.10703399 5.063358745 11.52454016 28.46559429
jg3645 672 MSTRG.11293 MSTRG.11293_jg3645 534.0335961 2.147863755 0.378764636 5.670708275 1.42E-08 1.75E-07 216.224184 103.3631613 221.704781 800.4770923 621.1053393 906.3227655 869.0378491
jg7467 718 MSTRG.1121 MSTRG.1121_jg7467 1342.608083 3.051751586 0.425598337 7.170496964 7.47E-13 2.15E-11 171.7074402 227.3989548 378.8971053 1285.614724 2245.599603 2823.512339 2265.526416
jg7468 316 MSTRG.1122 MSTRG.1122_jg7468 245.7699923 6.622213326 1.09230559 6.062601334 1.34E-09 2.03E-08 3.179767411 8.039356989 1.817252304 15.16055099 265.8263341 751.5646548 674.8020292
jg7478 336 MSTRG.1127 MSTRG.1127_jg7478 5.924125977 5.572022192 1.706806364 3.264589533 0.001096228 0.003699185 0 0 0 13.13914419 5.907251869 10.70135872 11.72112706
jg7493 179 MSTRG.1146 MSTRG.1146_jg7493 18.33750417 7.20422711 1.567763565 4.5952255 4.32E-06 2.89E-05 0 0 0 19.20336459 10.97061061 35.39680192 62.7917521
jg7494 728 MSTRG.1147 MSTRG.1147_jg7494 610.4689471 4.801253579 0.941007656 5.102247094 3.36E-07 3.00E-06 0 44.79070323 66.32970908 822.712567 532.4965613 1094.831315 1712.121774
jg7500 183 MSTRG.1152 MSTRG.1152_jg7500 243.8639409 2.367884307 0.782683921 3.025339148 0.002483545 0.007449643 101.7525572 73.50269247 41.79680298 270.868511 890.3072459 257.6557907 71.16398571
jg7508 330 MSTRG.1160 MSTRG.1160_jg7508 769.4533066 2.369097161 0.636455976 3.722326838 0.000197395 0.000833894 222.5837188 197.538486 262.5929579 717.5994135 468.3606839 766.3819207 2751.115965
jg7511 418 MSTRG.1164 MSTRG.1164_jg7511 1818.445648 -2.196772204 0.466635036 -4.707688094 2.51E-06 1.78E-05 2874.50974 3154.873379 3831.676482 744.8884053 628.7003775 1176.326278 318.1448773
jg7512 133 MSTRG.1163 MSTRG.1163_jg7512 293.1425464 -2.126923425 0.577885852 -3.680525175 0.000232754 0.000958984 461.0662747 608.694172 502.4702619 88.94189914 92.82824365 248.6007949 49.39617832
jg7522 202 MSTRG.1175 MSTRG.1175_jg7522 248.0565702 3.058128543 0.517990214 5.903834591 3.55E-09 4.90E-08 41.33697635 37.89982581 63.60383062 676.1605741 350.2156465 370.431648 196.7474899
jg7524 151 MSTRG.1177 MSTRG.1177_jg7524 35.34014272 2.455505873 0.857994368 2.861913743 0.004210915 0.011708977 0 12.63327527 16.35527073 37.39602577 50.63358745 63.38497088 66.97786891
jg7526 126 MSTRG.1178 MSTRG.1178_jg7526 175.7977593 7.74811462 1.031567251 7.511012599 5.87E-14 2.06E-12 0 0 3.634504607 179.9052051 135.866793 523.5433959 387.6344163
jg7539 128 MSTRG.1193 MSTRG.1193_jg7539 16.90089921 3.883607736 1.851278944 2.097797173 0.035923066 0.072005723 0 0 5.451756911 0 38.81908371 27.98816896 46.04728487
jg7549 1286 MSTRG.1205 MSTRG.1205_jg7549 1348.042282 2.451878439 0.39556848 6.198366555 5.71E-10 9.36E-09 208.2747654 429.5313591 497.9271312 2163.915978 1492.003043 2273.627137 2371.016559
jg7552 507 MSTRG.1206 MSTRG.1206_jg7552 32.52299807 6.177021848 2.00031774 3.08802033 0.002014947 0.006222277 0 2.29695914 0 0 42.19465621 10.70135872 172.4680124
jg7556 509 MSTRG.1211 MSTRG.1211_jg7556 1277.577717 2.328613037 0.462931893 5.030141742 4.90E-07 4.19E-06 171.7074402 429.5313591 558.8050833 2388.292133 2047.284719 2000.330899 1347.092388
jg7560 1170 MSTRG.1216 MSTRG.1216_jg7560 97.36197405 3.445020593 0.954147424 3.610574745 0.000305519 0.001215645 0 10.33631613 32.71054146 70.74923795 210.1293879 238.7226176 118.8857173
jg7576 195 MSTRG.1233 MSTRG.1233_jg7576 517.1651832 2.05149585 0.448311677 4.576048219 4.74E-06 3.14E-05 130.3704639 176.8658538 246.2376871 1231.03674 651.4854918 471.6829651 712.4770805
jg7588 219 MSTRG.1246 MSTRG.1246_jg7588 5.42648919 5.447006006 2.455527269 2.218263293 0.026536885 0.055867812 0 0 0 6.064220396 13.50228999 0 18.41891395
